0
7917887243582797
2305603694791405
3901144044342991
9485040610659823
9323158689549288
0516971232838494
7533716053525477
9080149399359784
8407855673136236
4508642619220995
7738736219606737
2223288359945590
8922871327510362
8354101189481377
0199786420638506
9106175138631030
2207461519012659
2131472726202687
3726934049618860
1191344919458957
4985266524417261
3261147009457296
4641435644243916
7802410908046977
8895929358448011
4713324061573064
9157688546548677
4061086168315063
7388174990363675
8039060787792626
5895675198951295
2450300228611565
4525431419326559
0671095171014279
8811372021470372
1791493671940492
4974901249133556
3863871057204404
3016121702515974
9746490708556950
6616519759988165
1685611433864910
3509111034386583
1162998179512942
0694700754100102
5110201839173694
7557047250086592
7410116802190343
6682919653508224
2764888655397639
0041450594172893
7613198431695463
4378544773574352
2643979959364811
6481357929548520
2567786500828682
2488515249747169
7269055681815955
3778138554788107
4385307852514638
1639120896080078
3826964831651958
1304174767727101
4671776576501660
7254377052595883
3850491807035834
9372295416729783
9318710710545447
0765423133125301
0714208971609666
1326612963550533
6909434144537391
9408600883511429
1018878326925132
5711921778441472
6599233640106981
7244522592099497
8683376495079788
9172103976395213
9535835543378743
0792089842728963
6958442353755877
3498538679415266
5443305901170965
0207157049820845
4367773030316525
2461374517882321
0114053321406787
5590256762396056
2662372508607004
8822057180101584
0979603321222147
3250195451890332
2627415957053194
1402289786010170
7595933367125494
4590441550212646
7989837727910759
3664073315037262
2452018229289390
5126799799489203
0020871455368076
3481941429478549
4082641028014994
3226189302451639
5051370091705511
8270098064510774
5030211423201028
4375211591851561
8854704579315075
5444434236826175
6847795121765024
1262935578021391
5345064895953228
2964243091972280
0000915103413742
6884084734880165
1699997982151255
4970195407596664
2649423643904707
6894739453848695
5647462671079561
9316451931152992
4085502364048357
1342208759733891
4903165490913738
6998899580853674
8281601894113525
3402195711564745
2883241764449950
7255799414696127
5752788440118349
5085484980214125
7340569532034401
7279612728721005
1181199965618168
9602029911336683
8148387096236908
6321525050676583
0091822288616757
9488252687145315
4326476348284298
5619606337924391
9144280121462086
6290493330579316
3045611249911893
6554940862323689
7064793849391367
2902716799638241
9231431669596510
1999507639445162
3370040949589140
8775907540782171
7367649529054180
2577158971348698
2169175812677859
3060964061145182
9228972851629440
4854939558671572
7124028943127330
5773132594648093
3388192539897247
7522331241139409
7542339233614082
7062074048893763
0957641516282703
4187392366935703
2159381208332346
9347801716291932
7465568204123045
7161863911197127
4826163432632985
1133372380940042
9393232413376568
8037625739372633
2342384257808600
9218293771652459
5495884658406556
2632046397771304
0676269867143696
6262133139404972
7046433838879141
4344808401973010
6911356765220023
7640382557659100
3855606167667426
8133238934211695
0446055905975647
2022766073355329
9523612922902660
3779225124392648
4428524305554124
2706150547032239
0634283724256002
8032658250894594
9959708031993758
5330765535023421
5255403400929743
4462635233301972
7678496109580941
6127043775208484
4513485062469304
8733105749892750
5487898763006069
6046165866539973
7418081905753646
7821366391162142
7755821641868369
9007831435089096
8250309915750628
8599274656527722
1564224041415405
2524029270331859
6693510294017456
1843683720990222
7214152515948220
7651891582073608
6243190988817259
1719959034374657
5603442663409183
3766751139382078
0288146552740769
8906770743620827
0644505365952110
5601650485786906
0050660217833225
3556861172644653
9575551726264815
9888386354516064
8949859093585774
7842524715253287
3691103797905606
0091501164531871
0014473244302699
1225911288831054
2522115962876820
3321577431881283
5937902167536869
2348934439826171
9579859673529534
7032901713208920
2363165959973338
8034065458701872
9659432479720418
4926743824358076
7456350323134000
6571010640962069
8021362429861754
9973021912226739
2048340677678671
2371181014921204
9534401024955669
8220825890706508
2935052598064187
3991335284097878
6394236673481626
2700468443907633
3620301469610793
9005233120921421
5771714793271696
3824766170490210
9311831258524170
8788356220698686
5348874855184718
9341762649252420
1780763516426752
1777209584898672
7164433055940742
9668181660774041
1754073430664136
8454367473690262
0135861275535490
1531634752786589
9163217527871872
8758395845049687
5343968063756340
2086894513472218
5269036828220579
6936566634445566
6777670296858134
1108208002886617
8600401135679947
0510953419404742
1347210433299192
4445790203781215
1506404802743893
8045186433608484
9081020492856068
9836776931160228
3823772604133067
0859232258752648
1359531672303446
5686904495335366
2462958511458264
2214355780901234
7607038776901890
9804496328103850
3632078197153438
0712774444037943
6460520627911836
7399947651945314
5695745490223689
5013069863616789
8608339778516300
0288820412130500
8701952698519945
6705777988640459
6007297399328609
3760577547828061
6585693734181022
4638028312793699
2311121099883170
3102594938614128
3874399333017990
0295048765353951
3494181017350657
9274991135144621
3000945612440374
6671499255800734
7769547194874833
1138053643046606
4851653122959387
7625821172460025
2713194900247571
3567585296219202
1484414548820375
3202966930820804
9587201169577748
7061608208191249
7655450575101641
3915676505538726
6612101090683256
1550246266734380
4497607460894318
2925117683866589
1937720114661455
9087428606376572
0331837016078757
5432095781066796
6419561860187332
4947627030102292
1194877865561053
8722548326345579
2144268867907888
0194528219787423
8330562093476420
2507385129561505
3996404436225621
1247433850237825
4278114866353853
6983978119510269
4722971371806689
3531438717974837
0876604605174484
9420249100835492
2426906242843765
1199350032937783
7123495249430722
9258692609398794
2398608654935035
3891266981447486
2812783572575879
6740385922056773
4176175563962222
7888755937461651
3153165374925938
6500182188147733
1078848217755188
7119433066704111
7770803221041927
3472432536871948
7325983059020104
8351301033142826
0190530879188803
2664659658189146
0412902005436369
5520975095445897
9902320223569217
1752319493374653
1265706528850746
6478900066830476
2764405324356669
7385129302501798
0106297558280456
5872138203752991
9723758439733361
7314311406274292
1205597617943504
9828374447862752
2457667975987644
6082451592666314
7639530334177413
1462328864503035
2892249597175112
3670843400502958
0701427642783016
2249781288255030
6143949280366757
9013997495456016
1605430966535142
2018072919564143
2213216319318682
5410973802965854
5271075797851198
6843886099069307
6745509539934322
1803278309321485
7845809799936552
9553770402705512
8237699579271171
4732940408047293
0640467099111468
4091922948223498
3603011798628583
4947462947102900
2792921573416990
1265896962100382
1365384005168417
0178298579185581
6876954243774464
0311400155430166
0494282486171725
6043039357110992
3417019499339673
0464969547546706
5072553038645672
6920428533316486
1271601437211484
4418246461990211
2602693368706804
1370984784456303
2436176783315749
9908042258225541
2912390244432645
6365162284093379
1097462869379223
3395056316088979
7192216073198707
0651075688988405
8577355400988841
1876010481005311
8941321374207654
2985658685449858
1599678859303731
2737394784060864
0603695110042197
1367814169798369
7881030748722960
6801209933494037
3913934390707002
8756326874671282
2244858140054423
5242363531283496
2925938973363409
6992141930726548
0674072548188723
3872920101059144
8238856071147246
6500977745534961
3330710354856664
8657239011206899
3812081586004994
6935085820144171
8788800913405278
6583096371831787
9723527574588682
2303230429484169
4027049192000363
0562632464695581
0666138903452463
1450530393819869
2171851706040729
8270095556059896
9700001213434251
4637731335717375
1320175841437440
5687023539793609
4058118793813648
4813009956286395
9220229463548248
6809142390415653
8482888848002303
7459510462117938
1389143048453764
7790610359620474
6669418619228798
8616796657243433
2767171601552525
8161251190777685
0477073552841337
7322234923134629
5309031056999416
1654356891323370
7083169209148431
3104412068674288
3992941500638443
4458967180612229
5556212442729541
3672547273353904
4087436154334680
1175445863697842
9819989502690120
2458875511918628
9941579627170607
0864141297940508
7492100028914726
3812205643533290
2573398687697695
1153572523343240
0535978706086097
9660234028665104
4681964247453265
6266448528187982
0311818140902541
4164247517680621
0652985491099436
0717161560405537
7817941889976424
5987657587996872
7200084634468815
5088882022022801
1512074830811621
3740757562716147
9246469540554542
1565709349354834
3879944876244096
5691355417518749
5522882001123290
3138085858621709
4344589799192534
2554051139349355
8801325729735529
0872120689381449
9239617064428614
5349830056087028
9359419479985637
0517155355307078
7121115711586970
9822964162765115
5429275286295501
0004510508828540
4643990060392832
1141743724585455
9801031941805250
5704445473654024
8099461017092882
8800103074322967
0659633505350112
5479961385636219
7147441359597176
3157732431548711
1316890126544558
1680704570480022
7116075671588859
4274277189418426
9622330424282096
0930308397178534
6416589151349057
9260270756078209
6166491745017786
3542361563699912
5937662509987802
7794168164761449
7390900272849699
0509655225224036
1633821787406408
7229177082699148
3322317965871638
8616221767168388
2593770581158412
9611663248753416
5320357141150023
6875905418744479
6040528509898800
9501860403769266
1549684866735323
9361477493709726
2841688162409423
2123849161251302
2112666591296772
4648411135225077
8450346716756143
3677902255431448
6890753478430059
3949731399823239
5432142731317894
3860915077534516
2197900618750184
2181817533284030
5034451123099716
2875667291793150
1328029175359492
5057724567363394
6454154048263145
6762194285058568
8192964010884462
5479814788308057
5359531229053723
9657118649043311
4214235824930113
5635983022553950
9225790766527162
6232915641401989
0301740293561579
3001234947123915
3700477816262221
7512688964429038
0286912374670025
5778217654704218
7433933426721415
0912295269231968
4091442267325340
0850914521365876
2999262979058355
0397371874668515
5742401204172496
2358480261124710
4489094264789581
8674052351013098
5141090677978994
6761418017465013
2827495714725388
4296786987956914
3411320073608341
6903215575686010
4415631281361106
3095476221124037
8200390742800292
2478209414553596
7785128201109681
5260675744157348
1999855370737290
4536827768669601
4224942827870083
4450215325612176
6286805808233281
0885029211300368
6272042260483411
5317708343061802
3172824242930935
4375143381308484
5522973267242686
6772641758799451
1030251743943217
5201221681967808
7214098465609388
7010136982162248
6967301297739351
3572809987324115
4467699245484790
2090611670198705
8208709281906563
5726055117451807
0928175455054278
5481543054691405
1821448395139141
6176372094603202
1911899537342394
1005553714687743
9707724065514300
8215131433128354
2495918356675019
9051365877348448
7373548082841415
6301401714714951
7508779576352733
7115903419524733
0136945472934290
1875628960274922
4296429106839537
4512658167877638
9427416947638767
8076769375597346
7475474455634148
0200709054904002
5012323059073352
5410276989595754
8604306960314765
3822756658348548
6533801740375459
8480645905948026
5948590274082247
1128567831503121
0729442206315560
3487676973485005
1120717096542450
0491600109519083
4180982601229727
2241184480091242
9820082050856188
6158457741835329
5496411983893479
4358909458673991
4962367580602499
0693956155711619
0301425696999524
3129215067425344
6675251190520162
2113162133428063
4794464507236438
9723695801511465
4762940910820774
9632234955509028
1464519773053362
5074530449220399
9183961776261635
3156454754179977
2139627813265829
8562194730088795
6945883783312845
7776990282370395
3000151925702904
5054750369236010
2673267660389058
0595159781454151
6327774615748812
5774267299041555
6223650065092192
0065966792532426
8000258491459487
4688924910184370
6228227125338610
2956559066735448
4099429752287231
5307836411711847
9521104199852400
1815403051488079
1020020144569998
5602822410102641
9144397057187300
6022495062249827
4978945143700540
0146165943413476
2446723331523216
3171248367642527
8943067124521530
6092144038725931
2411774392945534
7870111209439581
3762670242328435
7310046838140771
7445354319753187
2413313961215302
3111751355460389
9969764946296770
1490733706362368
9116553743235961
0220141208589293
3685131116048535
8475640212486290
6639264737733572
1921913931129171
3088318037496321
3056695127432911
2305019128015847
0784513398355348
8054315662265191
9283127775686902
2839547928353699
3249869254154819
7927657074640167
1494285940661111
7875318298740429
6696158100692007
8752243933474803
7640432782715048
7160030619369816
4148612351905759
2975090875599852
1855549944431697
5358286408119219
0807675554407664
5681812218970006
2203603628928870
6171517695707255
3699892841059441
2579577549150613
6294957055018506
5395628476390038
2206848030194988
7136020582502092
9467575322597261
8148205870336524
0836684545511633
6680838100394109
6600544102749994
2436691587435689
7809688968627587
0216229039021964
5936730831586107
3418148094049270
1899321687841117
0116792663386170
8669668633454299
1726515355080815
9963687547253729
8481377182753671
0430941987988349
9866317366272905
9458496222461501
6876269679513816
2506548050366736
2995853290168904
7371151451215513
3876347898308761
0904466257879054
4256595317953538
3892893860696339
1220264550229574
1777474051991235
3286098272358218
9883400404823218
0536286226914691
3300530558157881
6971376831898637
6471708974806517
7125713612136155
9582404119292455
1383132635213481
0143144366886534
5392568548228414
7385883792624886
1361400129993392
8733826299718399
1199691414821581
1607735201703873
7124399110449013
8456206846769267
1865402411401043
6667812520893885
9241440155763029
2235816844634343
9096213182112205
8850688493029765
3424760452548457
0229590907405570
9947970956273757
6588263168885710
9003489318938913
5184168610882587
6062970559825633
1310552737899460
9076184948422530
3051125440898699
8233000987750211
7256172784284719
6223011493102530
0629601747594563
5373845785326215
8796747160088337
9474621147155251
7941075213053812
9912490847355354
2704384224930033
6443430122330366
2398224913573093
0352714063327188
3721425931429602
2507102865905963
9331922346032586
6428815642168803
5824391030945544
8267848013286818
6599400634680974
5554271681491888
8128302430118746
2683882609392455
8489178778254136
6484877487662355
0657974772296515
3450009941162428
3380581933287217
1915302154212507
9645409237037238
0937791837619484
7162548832559566
0385314765751090
7463829190927034
5113298140543428
4693848330845067
0366398884876006
3760317906231756
0513770505200043
5171893735359718
0418643217620286
1276259880294780
5196425284967145
5852409796882171
3389190856789329
9909289227298413
3854991783141605
5960137946576592
5246086378299715
0042692173243900
7677279818472797
9948402316193744
5686999624982955
5328433871836511
6219831410359178
5619934275991329
4068724804863341
6512875289654532
0702510381352632
6679456610381903
7796891525258446
0576192110271130
5492999145088269
3499020467982627
9140990601961322
1414078365813012
2064193183697012
7931858122399331
5558125167892774
1624929129014716
0031049365155055
1177022282500069
9628405562792982
5955973975215372
1518608573828185
1406279816228350
8610641646795768
1637874338382368
3490024042426833
8388652849956928
2145668168587564
2568884314393392
0359360551958223
6087443445790715
8434128019700380
8897943441824788
7082181076432469
3265375571162133
8763937840329504
2967325931922468
5819951651545585
0533069759765601
0446837707216391
7314212529882299
1661579130015656
5424368847166565
1745187242372454
9898869810203373
4652863024621768
9958949069384359
9328425412250793
2922153309101187
4910770400206109
7508415549513991
5447074379881029
7609443602759381
0866511972839867
9464212465720981
5685916879385059
6794591756569605
4333565964821090
8102580638435168
8679111469376275
1181379224202943
2346014398624345
3138101153535395
6549481623896786
0143459797857429
6714147994303668
3621433615334969
7053321409384500
0511967639373534
7790118292628323
1463048040306555
6879704705300161
3681181863704059
0141870030182207
6046995637655379
9684535663947328
5119036632070069
8601483356523987
1316268411830615
8282785379876019
8041183668335400
9251787953915517
7573837292080522
7061679675350682
5995375126302920
7989040959035699
4153664441338178
0127519070588616
1750385790843118
5724192420139830
2826537572017302
8853726997396703
2057347510482196
9909643549546391
1743826010794846
0165348738208319
5828381419292488
8948846267711214
5543223323634478
0118169228234463
4290623857436137
2427136775530873
6206394801674091
6322926804764676
1038061895538870
5696697654544552
5041497500746910
1525248526038959
3143075206114801
1041574665110656
2692598960834326
9945821072452088
2283319786776203
5704918230695924
7587208482384059
4318921660581255
6848964536984941
8939740618818787
4204411370971869
1823949676739992
7107225405958690
6429611154970694
3538406078316217
1197875002538866
1690612352319705
7886718202814745
6209414364209633
8298199857246323
1588515627010993
5937912638355332
9985104818555037
9428697886495713
3170421043879122
1272360228203358
1883352145750770
4132294771378185
5709288358367849
4760250136044505
6788012860406949
2767302960259514
2971347311613974
8772499507689911
5615678215435460
7227882802366966
9887789366520035
5602653417743793
9945008202279221
7580236895339455
1404779120165713
4408216727557437
4334767806156257
5515216429938578
4671233730699231
9248567058033141
7106236848048146
7500979195469357
3762027331221113
6593222721731132
8613185159485244
8987771365126082
2046981671187343
6833406073308098
4886588496142072
3447520409510736
2413267462841433
3766874594044562
6024166107521748
9219649053207449
0385787852910227
6370163448392194
7711175971556516
9225038806582901
5317975851024937
7530599423996007
0564473021430652
4879977915136752
2464221114497526
6737841388506901
9814152155074530
2425549033248106
7226228571158486
7536190637639908
5543188305535269
9390297676089825
9567141312757077
3154345471250570
5207079543082428
9911680788368846
2524895991103903
7812463045514059
5576851640501227
1905658984794380
8122216066711317
3683357029229928
9778460960198877
3090368410678443
3017047566344316
3826468298192783
3434807607556763
4340646180676517
6798572516594828
2560747542543947
7228007293963671
9891944518848259
1000297113793647
9903193115688735
5986773627490795
5518025291169624
6555511233950866
0066505342795677
7817167061525536
8103152665561128
1036591688457986
6580888917603247
7471111924336519
6286409609641742
2920667511740772
5963939675903208
7451110632352114
6572005356187393
4444190320161227
6392995719018586
5729578492178529
5142308157182335
1965260558843558
7600793543184032
8240306922363127
0203148511472345
5396874446144616
8635194231800099
3477606685746067
9997225424532634
8277942056806761
4418162621330447
5782696565602340
9559902072428017
2352130203106125
0117954518807172
3533108182035453
1942325530677015
3557383494675379
2064889171195263
3774088633225921
4241121897850677
5118935461413737
9622374398712500
8048555547352717
3986246866749703
8029022476354938
8568710701792092
3943356910864896
1005756226202071
3389105078664804
9663110895401366
8885496748170584
1301843346193578
6281522315153172
8557103889978152
3183053819704402
7534841168255892
9162321378895527
8814776095228940
9224543529268366
0176535361701386
7471523959548681
5620936891559903
0129502059733938
5923842290182625
4500064778115550
4094427750209083
1568432165307483
9065501029560884
3559493742302365
9333838838525208
8290520665676688
3057188718614807
5038438725381698
8873403701529490
1425794758792967
4454440453507469
7040117047525988
8769132403837159
7335017320399198
9161426072181073
5970688893696378
5830465202966796
1475064160854139
0981211406387862
5551769177608542
7078327363232474
2114239143359508
2010827580929023
7735660007039816
1506878029093299
2271044514284983
2941443133440411
2304241539992344
7894439679806949
3885159549771651
4476123801492144
4668070841633275
0546958669177908
5196908774560885
6943208071187301
0656001355751718
7927677053650819
1160079071166685
2094693621482220
2810864273439126
5349860579246534
4611908594979062
5473569053866010
6502577590387583
6721706447042143
1164394299894445
6357960802605841
5033930756866717
6910870376007596
6222241339082462
5797791587512119
1952072482347004
1964398358506333
8201603380267945
9646799989531481
4176832922554657
7966349169282107
6884704999022918
1188491521990194
3230640489615267
5824351065622582
8625093123382787
3489820410499324
8419127911387669
9083847675351817
1823619955314799
2121396261196481
1788161332524461
7685193163728288
1883927036650646
2333683888397456
2418126135256330
6517745478286590
9231608553951292
3886978181693911
5170570509886700
3870300970951275
8499938526552610
0042305180651766
7442345559189112
8189275262268204
0102666260390526
4138407289238061
6989730496031782
0624149613819754
9604779812877836
3984513875185641
1804581467585156
9568021117744368
4642643167326569
8466423633226889
5254783589007106
4473260410099623
2191253156772498
4876920529585464
6975282991422451
3434386217662038
2092735974889850
6281151757179145
2449907645269009
9579151361576173
8867396183360059
8032005973549452
9349231264931956
0920319108540253
3232869194818512
9431816731386936
1253291573608039
0405941326920645
3102767689374782
1986689132934377
4294130068781971
0757145627644716
0554663868893915
2566945020220425
9391202984476815
5736078976141563
5457263655417572
9171209579621221
1188602959337493
3150288038945608
7796134210271116
9127577198387019
4839123900255164
7068648540073233
4071795741573215
3404171170651705
1428714535243632
1920351654350013
7451328619710967
4855524850504285
8213371495151651
3912955675367941
2048706172366367
4589262718627942
0046739385454383
5255284678088369
2199847402213150
3098744069257239
3660493864159835
1145872018010727
3094316922929207
0604322217680166
9253979377483705
2071333457212415
0170862557823567
5130566170893828
0111936868262951
8519597176933885
0561643838450805
9651282560443317
9962937225304733
3369026753730781
4450395842375027
5515536378374204
0676459050707457
0314035098884256
7115792628126490
5557224649687028
4200182415423035
4161151442533491
0302689027695014
4340714631397479
1729487902904332
0550262144390243
7428964121614007
4990968421738051
3740950346967524
4287371071093723
1855788987814153
2756113489132080
5842271060162462
3247986175082808
7161606146208875
0039836167659650
5287507191252956
6430809426743411
3951143759106367
9607255646013062
4990226049093441
6095781463903670
8624206151398922
6544526824923185
7390416147619446
0057645238802910
2848262283092226
1717873414604610
6304141157764577
7634063102292261
9503774221227922
1324616109366783
6625713222027117
5218069708058487
9919135586409472
5377894941466803
5127314582444598
2044513229332794
2631107236461952
6451284282728766
3626102935973855
0119884406069222
2495957476572303
5257334599729020
0234977100867589
6613941431352859
4448723591900033
0854574712717448
7375250203293895
6924544972984201
6218967777630412
1110444957786472
2139053814879312
8166906942062834
2430484048508765
5801731850423324
3239099210182713
2123365030515813
2153962690732683
0865315341741765
2995820468418963
7957280416289536
7000419726388412
8301325600502054
2197224289514013
8043325346556259
8550035837459093
4298041503249719
6033516785481779
6411632452302261
8915857060495609
4153337608992291
1311501835612173
0236414676280650
6801460391169350
2936356622395698
4610098557429398
7658998034219799
9943826446885266
7677941459264191
7604085247456598
5604517186200940
6529610233878356
7516566874692253
5909311662921266
5235853810767958
0129423635403864
6845416823133684
0631789010231492
8867164774240536
1080635385879533
4137556863584122
4597590956322930
1942184053395437
0408418557980214
8295625748916004
3250673949753067
0319559373628489
1256465247257763
2190744931508384
2593649837722014
1595352256689707
3084343775765440
2888641121265608
2954077673225050
1266626414413147
3547610267125711
6398402888086154
8738058687012139
9826129715587552
2844974351441051
5326255679342368
1620570536303906
2961121430255733
9042437952029909
3316631966157898
2835093153489923
4391548206640240
3035514390746549
1539132162595200
0554474279738500
1392206843733548
0096272280433688
7050225867972978
9982654335814108
1028283049134193
4267066062270165
8704899939986920
0382450621383005
0813723097375085
8986579157260973
4917268846861677
2347662604044532
7618815981603087
6191662774695115
8256915032538540
8940530306495736
2331180822532901
5874851791388196
2784703187800324
9384664464941402
7947123455502712
9699574692653413
7607651111619269
8962725044558955
8271686956044392
7145114053254691
3406787545997811
4090747618974354
2815042545405597
5760364940162939
4752983019297101
7069315698871705
0681826427201399
1035254156384979
5527724436785061
5788034885236304
5161259487159960
0466568768012496
7628661503131340
1321820478036793
3526656219218763
1920037495282071
4875352337860036
3900351075202052
4700366676258208
9207626698448838
1459853686434404
1127536475605936
1812396380224339
2663181961083657
6980919103769877
1227625992961768
9530065975903052
6087439064994061
4069783809696117
5896571955216852
0066571413356993
0457301130082084
8503567263736964
2811639726261017
1423135119732932
5469401481966047
0457680155949405
5609032708258360
2806024249023699
5384427549847721
2388501673357662
2332979830265845
5640455006625677
7416129894680689
1958767971041405
9237658656139251
9896600626524397
8870185382419538
5217977951806599
0511631562841971
6844014468187379
5451260154742484
3084958403475877
5120648547164724
8764882695376328
9064767888093340
7915206307396446
4058808260828083
5588332384460322
3064214368618657
2909249163804193
6932710628905831
3987548764592597
5519234534029741
2196149931879177
8184307373981897
7703307764170239
2295885344548513
8312780135209674
0271249291940695
5282771143306034
1074092256181192
3911383035330556
8992899102845408
0737128045477636
6647492142392254
9403804691367376
9191945730512864
1402209642648415
7535505027794562
3546986594133608
1979184454848109
4515370848890848
4808910380593455
5367954669328395
0956117373262604
5791321365823463
4765923799790267
6464194853259299
3827352997267028
0000325690951570
5711679753140543
6571529192321274
3283859903356767
8766155499372376
1691897538435694
0400014722017129
8424786953911830
0824508932634550
4277209620755163
9993875563206244
4079539901247552
5945425658332294
8703942808327339
8607843257035707
9961199993740323
4495269939725770
8347131704153687
0609700701164944
1867683896433240
1084347880956331
5780365767580771
4575333508754234
3301596635014378
6202929118529990
6529562882135048
2060977814636465
7994626656627010
7924892712087772
5803448714578356
4366799353224249
3640768649683482
9220348583560043
7808399571905191
9957455292822908
6740759499723367
5565463591721568
5456817129473536
2149160558805754
6004451845155482
3073326980952939
8316653681253957
4997599119706415
3915597208191837
8467243260512730
6395503971370075
9089672453935668
1570824915028727
8076432608646837
1520714544492486
2238779091169549
4881530489438346
1258462708935794
2093718148536940
2775214416544459
7511221965752388
9171504422944800
8042092631207004
8525672131040509
7053039409324203
8485518379872133
3595938663091810
2234702016679131
1455726768450040
1914271225987860
3223362071251898
5202429302236084
3255060531838427
3422083629914698
7782328060034978
2059703319050475
5494695802879086
6632884800640353
7558531056409406
1083095899810595
4041167773252557
7488947137531256
1521273831217229
2802054429716824
8194599016161354
3487625487385752
8828635263888498
1583882564447423
4340315896207802
1347762602289126
6805191874473768
3918025526443507
6334847644105045
3719496592232660
7344342214839527
2916613028892524
6993215095901023
0846037359934643
4312510291919023
6900352659470721
5041153897534751
0319401801737464
8781436602934292
8801299423520104
1312049227898761
4505571663113782
1643482848844538
7525192541844267
1465127043013658
1983605058147243
9895686206333109
0776265935831372
8437359425613507
3233419335271097
6176596691478234
4599448973645144
6747327184231119
9221640062810564
0156829305274156
6484225572798302
9291517431456908
3807603064705018
8863593649257876
0406230537993999
5224663681476019
4915659948263445
5584058795733704
1524444733156412
8974044978238265
0956712532589198
1857520068239671
2018614878087334
2137075717847290
1821627843533162
3613238844850799
5384445167700495
1089311255502404
8729581028091781
5893392501816783
1771143322529618
4751883787176824
5771309284349109
2375722997534058
4453456852789475
5073841016682252
6880628732045924
6812604321195477
7089974273070939
3740639726545315
9944976090960730
9975547374911375
7165708428659026
2115942621694174
8630728194548030
3121972639995558
9298544294588050
1280123047954585
7085425285258517
8148257331980555
5875678751294224
6738987664840341
7511312374795216
3084134533707587
9544258230755043
1471049145981073
6975132145446157
6406767248866974
4199391566417502
5775617413825711
9976897258946627
3024078007563102
0431862748743320
8384136461605241
9213320273714493
3060823745804732
9985414046962478
8523048386991279
8599356494482170
2912975115445421
8588589377152882
9607381850711569
1139306403682897
4837352995409547
4553201216593644
7323208655095786
5391359850487191
2982271986555450
3505390694850816
5511870618431215
4805991058850448
4099494020462245
1622865233030452
4985045117214483
0282590467459210
2966913210268454
9865330615540205
3587138963940370
6321676636193625
7709759528786196
7747731188919060
8543904614534592
9639299365620025
9729791228211446
4996734160632011
5542159213271489
7214193952056222
3762247800421770
7087539258317915
0375482813716315
2659526671827929
5149478274259227
5953293236531723
6424432214565576
3697694280982227
8402643293660386
1932645540447860
4870546315235649
8046323381024563
2482060270236527
5356544697104906
4993675879410961
2335930131464891
0647409890617476
0016773086984120
6100546713818163
5673108770491112
4726447529800886
4095321093396075
0341938776315544
2462633063143454
2722420136334883
2782964116305880
0353730686972092
7378091734163519
2153938352979031
1074454168866282
5007850894196444
4425077751075680
1832728101486131
9537143258969339
7271836225583852
5243631130208387
0206233750299857
0396157459728468
9167399634011191
1440986556375674
6252535690546666
1598344003069716
5813033681286044
1304424697105730
2890260984567329
7410355460141681
5241856017855252
6409332830031336
6150401471992911
9306076279698808
6601309308528397
4436959369175128
6374563794926122
0227304533127933
5589969124054528
0586004379063241
0271206558713652
2611280969164348
8119220407894290
6926651124954505
3474965783942591
2086199766903206
3814292055967483
8655199308677059
2523914413718592
9759944648465918
7010587657666224
0330238316162640
6279948144226330
5976664074974125
2978010340044417
4024191340514093
2703040418634583
2388843732616786
7892059368613959
7375373772450367
1188119082343760
5630031784004533
5352197007462490
2066379668710621
3843526011662634
2985003469291138
8242444761411208
2992146566426154
2390754751659201
6927805589791536
5511336486988881
0824635845404663
9225329032880634
0028569012805646
0831017619527813
4073113061295309
7077220592875119
2636653493262436
1901216516407999
0327817672623352
3553193188710422
9954990087915654
8258858460621065
9770773078956351
7722952325100580
9646492923898649
1503203554671446
1934452177482144
8515369021255534
5450087410078221
7731215198101947
7914454583840134
3901367142857642
7935699829401769
4329421622864014
7177172159215847
6445151663229787
5152789196290910
3384801391828521
3952808860263192
3603674784653923
4115632587013747
5020954657741658
2126680660159686
9256395169042054
9274887847308980
1742135960263892
8188475000675337
0828906713131179
1283923735183085
9847960499982828
7512967707783492
0406937598151848
4014859991024684
9411831923398241
9503575575613542
3079253830583385
7516021532884796
1294753264777570
6093972827853331
7414497184955079
4356558822177287
4910388368160076
3644494034569111
1173597651022014
2262120637290369
5677884344756783
2313230691569967
0463308973406153
6908341698896083
4599834312125185
3092037701397964
5687853194494173
7596494543629391
9632409046763256
2018443877895264
9311555269988027
9117662545474146
8643263800313625
4983201442276288
6603067354811112
5192720917324352
3605743645997501
2435628775717990
0903572930540157
1113538527015820
2698229628494630
3909776080735271
7570386464598462
2151242493491034
2142424336909827
6332531515878207
7674018689701956
3790088995387532
6300403280471703
3087093014374427
8298538465228015
7153553682954852
6447049589028912
7529427825546114
0809411462536366
9266281009742277
1805687336632729
5143270196084477
5582772150728380
4593307184504946
3418524049655817
6530523453818209
8904263445943094
2413567691663920
6836118878721633
1541690930832179
2970551390843240
4921340394549245
3346897244302980
1993995300016555
8905977598945667
8711715937181535
8509299951934973
7187331231544047
9612344635500101
1783658679814263
2794026545404598
9715817922078257
6482511882686395
6724052141066150
1102508025668266
2001862427592659
9577872882074512
3223980695370124
5674769467194304
1409006491220426
2970138065407046
4531914672489076
6347353073783258
0515854046455020
2948615474163356
9550521863696917
1442021308383762
7361036485940798
8477732400095433
4155170574788417
8220231346210091
9206462316494860
5304379431831322
6007038539113248
5400214667102569
9903817075364286
3846654142638437
9922785727402417
4427303771174064
5012034338598304
7741826884583892
4488121718910800
6730686049255425
6992448529240189
9704125905278773
4486030422416831
1589143355309943
1638470372275568
8247075787676323
0799661863186569
1894360566441296
1852112832119187
8865368585732583
3585057691697337
6990571435444630
4402792891712477
2269153692762710
4100390278762838
1153853218347720
7671945473090510
7030669291025101
4652455948599690
3847647453685688
8228249846548127
4716676611330311
7203076675431306
3393116240196965
4729789236742545
9151138206391021
0698598388488101
6521773148676528
7671104429839034
8116645697040838
1131858526704034
6200651359121160
8674246016323947
2410015141212165
2389596567049753
1100476364702021
6036320391106370
9442826065341422
8632328159533071
6973820663339281
3478154614532513
8476972394657922
0920629723928382
1340874503334328
6834497622047154
8068967021078220
3035620499629987
6876016315737507
1150082707390234
5308738911993381
7048663877838481
8688736650901616
8770106216994640
5691780670835782
0160328557166941
8103998556619871
9712638986970478
6448934297419314
5762548246076451
4618441212905355
6282282710604561
2579601954596213
4351609162717260
3448106119318351
4626655391830745
0972885425744948
5911814779756172
6983415874704811
2839327656144178
6303297687237256
0001582721310808
4821122371021903
6171323341671821
5856886108149713
2582175054709315
5790217321138140
5800175874658088
3477981724349561
9770620834891213
1431793297800110
3386594078244605
5999177933338170
1897060301134328
4695147822020127
6217846985830016
3181078095367990
8399881058983357
4167833928991356
6773795080923981
8355947667910941
9811250530553083
4258606293149889
6383021762144230
3405976143874001
5009442255294234
5928243233680621
7968262125996543
6816870689587735
5748979136074637
5032809676969673
2013275632088896
8659496864305621
9094700593263241
6487633060907513
8358316505475749
5202712903412385
1641169433303169
5478485435572124
0357820757162104
2172645507238077
2628861259158973
1341470778292869
5084104783599564
3047726211027996
7472869600330564
5051061708102914
6866236850154260
4129724001987611
4928616387172275
9167312272004943
2481182425564161
4260111082051182
8599887140799088
4112063838658098
6760906937208625
5137817404959463
5144170619756716
1672364736335170
1952937182023132
0641067483945380
7019250325301611
5900963011960052
9936219395335027
9328738837215965
9090461949264421
6917116652167404
5016839015394547
0841002755454243
6366379017870124
4855578018589904
2087127246109861
5467937882227675
1374935968632125
9411253722342940
3474242164762840
4365661511320432
5611829504195938
2039941023919671
6678185902691635
6716883529427154
1976091081462116
7531622930504270
7524497285649088
4994934381187990
1712208374186176
2135541732341157
3635060565287453
0342367279777983
1159840059123495
5622931757134223
9310001586219913
2008125431826046
7249897840870537
9951516436278817
0866205347972203
9756214150140645
6607268864945311
1085539773116789
2351866935421151
9864655486093379
7298637758046404
6393567108244426
3183029315983412
3263921271806291
0010160208417370
6889517148629242
2191777755990317
7592497546758109
0975018553829295
4809080593333472
4867627743145895
5077385212493886
7968615816123139
1406206772895036
5609472501010800
0885635447030520
9217078285046946
8366112479020867
6593791618258903
5027439416824412
6330786781745018
7508977425092742
0351156693555523
2473628350274931
5303085462744425
6236326108324745
9945289519054859
9017520746153592
9739603954121791
4655089739518248
0367690077465707
3037424499721034
9576327311464149
3201645229745547
1785660993979014
4689226568364722
1163781303680223
6153091381585654
9159195563442447
7536810176248057
9976401541377939
7721483148298785
9729493483105088
2447818881485493
3306150427973677
8341617023595132
8997137904643903
8712158323183215
8905680531252110
6140495391360571
0867330474081944
2058347369890530
3133555536143694
2818603108372922
7088639503480810
4037183605742666
3806912053694303
3493623923701389
5415434169379609
4067206563384738
8813317661046448
0896060959622431
9300734296482577
1950389918593440
1654734521861377
6330766834005870
3986180654145127
6715701375569983
1095304607841635
5570172701557172
0761476745619922
5764635299335289
1417494604246941
0499138914431785
2440863332849994
0227991715057814
8789150442726795
8674610062329213
3345663851115807
1908629101039803
5525143805509107
7643639413441117
3779872382027586
7227781646829609
9189359969730039
8184042170674060
7303566314964764
2514658960114637
0588374677778245
4301721255586074
8987677644041247
3711345228200246
3753627053150603
9813043806825827
6001666491322260
9211719990597519
6071237996317830
7047409069633400
6911128279457949
1807193235853557
1484199554917911
9888662772740183
7765070433541516
4422237568128846
5039562178814874
4169284823457467
5843437788816592
5699746686380656
1258641327527676
5190714691245721
8396001861092302
8328275787978920
3211660196134627
5717734170464420
0681322721384641
5296343733640465
4510961069193969
1736002473041028
8395016401449813
7810700788181646
3458947518634904
3567581285174163
4125313573133140
4336860594052324
4034333229788738
6462378052011496
4605133416300475
0414048099090181
6817204233903341
7384168674539702
6214643115504976
6987761145766931
8735458741337698
6463780458075153
5302472310971255
4020318906151163
2417670884230444
8855271776749181
3500875789893244
4355211015887363
4758550783703417
3402472266587390
1680065573338339
7598014282202174
5090422413643403
5251389003736909
3710736362842934
3383060643884789
7520975750843970
9065267896846482
2310501964710274
5966080566066490
7260880417525391
6484935860818055
9179735778741467
0535777592588490
9977571999200680
1577733219419243
8806985537528383
1721501040953897
7629319262073140
1616997402954531
6931158286152081
0556407671255595
9584107783216465
0535860239259102
4585015105548818
2175803966220300
3230778150049407
4322693242221219
7108736111306204
0372650483087124
4000001895246021
0989611785962681
6894949104612197
4332944687727598
5800409590209195
3978561494920029
7927868800339662
2291334095539768
5050313480683695
9033731162226946
3807372927577092
1837379448685234
2993471893400065
2591062529781762
5313671069862968
1329532290735502
7385210507816401
7459866708740096
8664062189071507
9686528152912455
4335387854670599
4347965302097614
9377247028344552
5149856612324019
8668472375424523
8833023745052659
3913788588121411
4744580649418084
5643733676068848
1990172299353318
2961123986720628
5376678084716817
1679725851734904
8347588972615049
8925349327322997
6996274715898393
6587276520956028
4183156846789316
9374309741859850
6885659314359356
5935921596694874
8526960535874806
8512921714632775
6200956944799947
2061771070429217
2401818255539744
5447668124359385
8635701096371109
0304165715457488
8436386349098166
1379773445574323
8277480634856246
4564712877039359
5946557673998724
5484986495253646
1049547759186556
9220261246545648
0081210618221925
8551626072912963
0717712408603945
0209794264314643
3977567032725249
8538270961609589
9221592908532393
4804304036455640
0755434903205461
2157533233669122
5035858383519296
1918364149302140
5953158811160883
7993522648152946
6332981346537949
2589872959709848
4618772929333729
9898276573670920
2740849187057682
8451325762846151
7060585515102803
8496712334085415
2562865167144191
6823993478179598
4851715640991871
0894500699921156
6480498458191557
5719813884063445
9465127865782783
4334534811258685
5456237658132719
5156205327629139
4010324301093628
8342306603661310
5625112455084806
4614894191113114
0383834501086115
4215225925783359
7011131165732057
5170293352882261
4937289004615851
7721039814884365
4385805895142325
0074833031020069
7230143861324699
3740681990984284
5699072584852088
8074447921818504
1656881663114095
7141811368487014
0204571709680830
0062882509525303
6331638530557900
0523648966490396
5153238052428213
9104907557893841
7961997038673966
8810614332757270
5300435085221378
1303667412079447
8343402717114526
1104988511999827
5157402662010182
7068306588404418
8242698091108462
1544049611871827
3535420886883559
1174194948048451
8787784443554068
2041807074893443
5386506672533706
5127807822690331
4533181166900791
9178927522709552
7544225793792187
7729810566472220
5978707229868875
8522863394780322
8241837702195694
1682321828751710
7425154073906821
3893113128772643
5074330508073153
7732407650135099
8393402118322730
7909431111187945
0868977096675534
8607852207828061
0411138933370845
4896487821943193
0024793279904352
3748078587451434
9684039080990993
7909921748932754
9592907834868372
9222119701054649
9451236545064358
6090603493401276
8167230363189115
7828776012924524
6712549631586434
2495327404341149
3907615898011202
1559292514654215
5553688290821141
4522051611976944
4332704306238757
3080561590070431
5601953449438942
6010924145549202
3475337353676349
0884799120343367
6915277167080656
5493721457619980
6919553833211231
9770069078554162
5418509402990754
1264063598919201
7430706253523346
1517783578435444
0511367232955579
0755911963095862
9017455655255061
7869963100403994
4298795970350194
8521859077411257
1787526384833274
1739997490142452
6165696309038028
8679257801282290
4530528894939472
3742317356920204
5522921433940881
8807863760286159
4256483085616956
7806610722907256
4646148738607208
5237858035699174
6991513208754620
8139257279715471
0201430845426807
4481129561811234
9000520051160025
8484684765493808
4304478309284161
7877241939491498
9757343999118047
4945608487209026
7272749911485530
8910557213253128
4017049122315867
6609116302763363
8271659856741715
0335447705890131
3026927581342826
4698181483612526
9831871479916100
4947114574577513
0695770301548519
1888360760491560
9945942332231660
9951218971437024
9815468658083450
9924379303292356
2457247935703929
4452075001099749
1253785596446469
8069784077217071
8014126811283124
5885575084085406
1359214991662158
0868133657405396
3699315472815625
7124931056289027
5488672627941326
7814723020286240
9658097765240301
4598238107622933
0714443100383141
9905086086253867
3965328361563422
3474246821206609
3884092565521453
1829404142441594
1357887401899097
5671580360415081
1501948551335718
1950477597035594
5229070595111885
5566353304529422
2149664608521453
3027347445652264
8130292521370915
8196340391620930
0819806116588254
4922142296922435
2870655742911951
1476417303065197
0516119772456468
4705886258107687
9524885475616516
1234565160573730
4133188504518834
8342883361739081
9516464037261848
5395518810041033
3399199544607195
4402203026552290
7641270456476630
5476942147520772
1885766127325722
6578369137288612
3752790499157008
0764964194992088
0833667862532867
6043815817375763
2757706066808127
8623512462352869
3986808120771884
7919458640967456
5813316486903447
2362482510747681
9797690885662688
5904522485457534
0665687834644535
9911064074235775
6672867433887720
1477601900273409
2285426292603416
6270626469557436
6456667887502521
5958580790133520
7819653999314901
1455327957816397
8488594585281010
3565859229782760
9534520176831048
9626594300258698
1151197074925589
9005971441891787
1447954471683870
4529722536798043
6420338928006265
6610260636799744
7180508418109437
9668328135821873
2298321426209349
0764679217546000
0842543237562135
2132609720093419
5598971592340902
9832834249593498
8859073471719706
1915826985515007
6392594590302380
2419520606896435
6146944142372232
2853896182203821
7927416076958362
0459361867767898
9476522311181916
0525145292960664
7426027336502858
5966620282197803
6521557079600872
4105225659516241
4606246142841972
8501464579034598
5251747226701652
5231845635462952
0046465397803856
6269980207627282
1453116800487905
2791262886000362
0614961188016863
3546808357732166
6446831084215512
4191011304306773
7730719476451232
3737917347678121
1353014365045558
0923973089321965
3986461691816820
1454691257530958
4223960415062864
7865080933555325
4699945697916110
6043459304176015
5605357646110360
7634766327406306
9613240921309900
0128308087978829
1883452571239938
3885489458764834
1311151012002541
9053828782958389
6423545208764365
2268382620314191
4138990155080272
1233944493334651
0145929965828271
9728029816153245
2315282418163659
3471910853542167
3081925668583886
9755377874560173
7835465907444864
2660699486514936
0100619874726856
1884420163035670
4043162601071179
1768006061329443
4006878042502781
1003674384958659
2431468701531047
1328135228659324
8303310223968323
4821999504957848
6450391076169900
0615281306107334
4604517770104145
2318491480208879
3413259037836385
7592193546800397
4203326795155880
5557506353125288
5213035069793195
1490385619823285
6705415923436933
8769055741372512
7175000735822504
0568823700347706
1559520554616895
3728820959678712
8142672413873390
8185840471398727
2238014630264843
5343454583601616
8743558276498679
7561615314390584
9862359824047261
9615836494255959
0017236779588795
1791535374833777
8297889011471333
7348817908541292
7733142149584772
5200067866870096
3285483434283452
4670559561277136
4053193040378793
1329557041151387
0352640252677539
1369564161669232
8911516573302586
3061667720023102
9179189728013478
0194745511728002
7945592097983692
7333467568929657
4661382578024132
8448657508273652
1681044854219924
5883242597607815
8339495793349934
7675816809046074
5465449494182034
3393089418655178
7717537262308091
9314709318730076
7971716903240686
2926053984914477
4940847780262924
5233854244313683
9868233765380165
7514317890435872
3868264006150535
5996866094725044
9103545004507135
1417327467050274
1829773217661534
9992082861310691
4866073046756466
4273961903394165
2533297944605843
0186446294097309
0335350966509134
0525343899407081
4298835641829762
2777341483455543
8987255813061182
4801768397535572
6127371493299577
4570321143416032
6780125312954825
3868502906886933
1228052025477313
5144730275745518
5747875882259575
3071046681153955
4460779094650984
4163879756935913
7932216023958412
3169299095370522
1858978868165352
6682153927661653
9960124383387902
7644987837821138
6024067815089547
8453699175226274
6874544707185541
4938760014695877
9118657720317683
7589566414393448
1859956031845736
5855298976151490
8573195327542061
4926823018513006
1292601001838768
4170381439518486
0986913300246393
5792108556365679
4166922845507601
7505866427960469
0515343409614452
8862660046981466
2082288775452202
8241114701792148
5116213374235632
1639549869923899
5713328883437778
1295510258107671
5810157924024712
5024605265137208
0430167109852576
0802023762311924
0356125933191024
4920515067971772
5654735215017528
3191837532986128
6529999796909142
8951119580894280
8068366194146208
4646959280000344
5814144892283070
2922695355184672
7322891417476414
2230216094806623
4692759201564189
4403320449355006
1694551613184958
2253127527012522
2228981567893077
1022412134702658
2684407226973550
7550994081863700
5278904563501650
4228028695889214
6353954532527478
7024780289532391
4071346575135201
4330113577933018
8792988784726241
7659965567201224
7454305406070791
3916535995785654
9527193250756102
4746829076971556
0204151320806316
5667657258894864
5005867811414170
6438633094553520
4178002015710729
4715483651251398
3390199353240612
9044572545913697
8262728507671434
9359368411913637
2739863135439867
8394120756525892
8972547506863523
8428386728078124
0314977130631834
2775550283624253
0368311142108150
0594114722489891
6592581685493038
6119231074162915
3258989322547560
3969217191687452
0493705654298259
5020025882026312
3423356737122965
6831152082956103
2828124381670231
1205982002582299
3967943593612229
2069883404215099
4195742742074059
8289449332711108
7191112729309187
0312455874275375
2970638115754262
6572389980946800
5260520898502257
4094040217497351
5478589107930738
2305471098062137
1284343084296509
2234463053019457
2714999125459575
2354739980406725
5138849832449437
4795833304329411
8363684620958082
5121360004451480
8282195794917233
6716515066536814
1079978062491227
8773201078957745
3333865775403342
6655220210646928
5299835944080361
4006191317686437
4768528057390837
9106017105325057
2812376898382124
6388330912295292
7643906508178259
1422649308786381
0329741640375661
2116561844584292
7217736964361440
7081349017203771
0941910739814664
0869469262114149
5018385548495872
5703134477270057
2948162075170172
2207175779648809
9926848004850250
4359261479122193
0041757417473664
2046473694108264
2513163966452511
6998825853556843
4245634036144170
0526742760439036
7260833760482439
7248925343719464
1565296529736448
7595609613863556
5614646426944850
1326388776171455
4988298209243763
6829155093609377
7614206164174151
9925246120897790
6640385823403714
5038538325730633
7878244330545127
2210784968488771
1552928400995922
3513195789991271
8768620537161642
5134634313319781
9710564840048422
6839816688814114
7888258901938956
5252096748402646
9866099252221784
1609405947054420
1387043320265189
8747056053837544
9549032561542665
3297569311328890
9777434407315395
2782095059190056
8882444793123454
4518118957105814
3250752369062840
7283518586456857
2821352329397835
4433778294761502
8688783103064480
7991082362671212
9499590129608919
7314370428188000
2318400558555562
8216559706512225
2966171629279069
0314632728589613
5464023129390042
1784407630243302
7942579499577578
3885726593350547
4330949239387871
1831747504097165
1183078302328411
2705233211612041
7900356071046936
5755389041675506
3448759504226115
0459162904145828
6880903376164690
4952207117831158
5914025585832203
2201211645557557
3283677364323759
1178948690201659
6538341799051577
5749071662776272
8964946246608547
9416610899767382
1938486524292595
2514554478091432
6056127658896265
9931198850020140
9303604223354758
4227748069228395
0809795245116090
5847456813092493
6720259398546662
3214875501188579
6639659544951286
2309220985643999
3277381991746025
7317817178235471
4738829911864396
1264293246356564
8892009084347857
8890841893698537
9256541983393135
8310835825824360
0253528642320831
5484363129827679
8579386263259869
6637658562543505
6540619386101635
1525661213489573
8260706446079117
3589527325665323
6541181200341842
6143397530772320
3194932402580523
0498840929012415
0084980191573168
0811672026179794
5580728224978221
5400805067316634
3203712465096936
2400911483430119
0221220703324031
6935243983569655
5399317473703342
0316432404990249
1894603811935769
2680038286691388
0945139577862255
3689773676364463
8250073914997055
1218389465274602
8598262641668520
4563764623232492
5005283630149329
8666575944280178
5606769046902145
4067179296438965
9810371040457676
3879172921286504
6761955837304653
3039810881707324
4674558220916764
8938252042140828
1294160176645666
9894162318774616
0074852467021389
2965632080719972
1905496680025212
5846052449613692
3268972370993509
9028104786496275
7433030494346189
3481809668194722
0781618586438933
0283817427921969
1785625100073849
0241056171343649
9615218836471966
7616695211858010
4153462617460766
6364009144655593
2657265135625993
8283677862840319
3015216414074763
8922981412535108
5635348559784763
4455630076841302
4577572952735941
8940750096354420
0957665422453699
5800662065713164
6692128133261093
0957444591428758
5909062557975498
4016632420686251
8855081325345654
7531637444907998
7154418318458151
7356794706502412
2111200163433960
8251039594746344
0810409099810641
1805186899660465
7741233949116498
1048087637452959
6064981270181319
2185667313064989
3099010533644898
4772819975495579
3188784816287487
2389975677904655
2826166359236157
2203163370899281
7026517618850141
4515469289999439
4564237305773815
2898705867805713
3007049156248946
8244055079402116
1731139801144559
6422282278596618
9361287488057318
1632438969296293
2834667104138232
5313696806283523
0622474265250573
5835503195495055
1261295601985917
1717770435586287
4360736205764856
9535587162526226
5325063796266136
3064071594531422
4751699050350958
2432398624551831
2204147669620762
6448417938573779
1183524198654764
7483948147827075
6981177079694893
9045296116939402
6689529661601171
7285541024719915
0053369497738738
2555718979759308
4329353374197075
7782249817559981
0999266992389089
3049044829510326
9457081088108168
3724928410617721
3833439414036038
7710601501267719
9090064478702633
1447301799959291
7615891473051775
6280926767269633
3789796217465640
2614953467362376
0238100133418213
5039948128955710
2599022293404559
0275270162023007
6423311971848669
0937887413143235
7600718608296628
1734997653639992
1010810293243435
1447568762723987
1353592697826668
2910985913890585
3310676280783039
8276825973471698
3915051035089861
3430633698914755
1684776635301302
2464341539930740
7531662673281014
9073277157401960
7088671536375473
0541621833997095
1744732999336375
2723441376009538
5700103079488064
2748650150166971
3633972375952822
9844632146292668
7075252571504729
4281923164086080
1290479848909932
3236680744363339
5901381058926593
1404596833493304
0442315483134442
3007333595055044
0182006505079933
1962233945232825
1777171359432445
3487546022829633
3150103492877008
2302116915931540
9853084384672692
3115986167354250
5408864375841292
1694515784119751
5757121070562062
3930208872786500
9347611775017844
9501907577020110
9125556472743507
4150720668977002
4910754838277580
3713732996827351
4087698885827491
6962057467940007
8700964351768486
4462471311496150
9376203096430598
7571771778465385
6027763770110766
6793795748598449
1031649453998211
7468384882562917
1518610535671838
3894096111082082
4050897100676302
0414142132580629
9808224589301694
7249985370010988
9579979974845345
2452772438199184
5632602851077460
3387305180640853
1351665997987413
0382135664206404
8093550412785010
8590140337571249
6929801431620076
9844925998185463
9931178094449488
1916947796014288
3102733972897061
6239755034530390
5879559830669521
1333492927266447
0925539532241686
3650843918755682
5860525135106995
4986021622366786
3023241186996790
8185023532378108
4606530449881824
8597180823669923
8372774850175606
4742599384020324
1040231842718937
6234602441211228
6648400086690137
9956312513672760
2302756561160804
8059508629232656
9331256487699477
9804923403746874
5832049847796420
3972823601045350
0073683944502104
4127354753135118
7689469021584393
0196503152950828
8823563410247674
0099860141022736
8104904120076956
3940070820451122
1255270110503523
6627082018955988
2728001193575385
3096685020723658
6838853493819560
8795500242651581
0936619055402651
6208280963064086
2171782600728348
4035574249612354
2878525857807451
6185843390683925
1410858776932991
2291502930022342
8793599517370540
4300081489772959
1131927171712708
7881527576747420
1209553588936712
6295515302675804
8238208232722890
2616924470033117
8248113511185358
9919942357089937
5798338889765165
9822212808651415
9895207852402171
2006814557828882
9900625695933750
4263649394978141
0306680503261422
7179920962384971
2767352255083232
4128313818136391
7150771162592094
8202238208943023
9773497905423492
0986871772334201
2929215848523448
8710975442052503
5553013757977008
4253838966347741
7634869593114668
8346384525189675
4940791909535775
9941440001544010
7138726557754661
1660099902680680
6272872215125680
2041676980432035
6740137231031060
8314351279360798
5146404442537463
7713027891641002
3992560509423791
6555805379309351
7191198690341821
7568400311889864
1059931684673682
6216579413770455
8141016674909848
7233767393471644
3459689638916568
0016091493799961
9245578999053993
2609654784637427
4029385395680758
0153804205170190
7048141683554943
9487439038180237
7005032309546440
5669300635333699
8470729900371454
9542120311882103
5566457348830121
8921970020058025
7036280752466413
0500034174785796
2314553248279720
3647710047561421
4319898277403494
8879481124489885
2839735348870197
2336315498319876
3312992120803629
8054097421340072
8984247070352397
4092839500766104
4125176453149422
1367628782027368
7859231596449028
9217400486831036
4175069034764259
0835142807109208
5976702134131016
5850004343685407
1112352398058967
3660340476685880
4475063425193939
0755000112345375
8516223928904348
8647433523617676
9324906986142829
7513217329977595
3020876164196638
0808132483644199
1574808996231296
0318784090306391
1669550558445333
5221923829817580
8774845363090411
1610292752294501
6560563332731046
6102062332483035
7155476977488017
6078282675404939
7294582289403049
2175955124082173
3768253936338015
5177943399251508
2747640535642870
3911884440040608
8294547807305738
8467892494853944
1075566033486927
6965522706601294
0167354254513842
8793101937926254
9703158484875027
5437201413552987
3636249165146424
1003535723082551
0977133646705381
0245120067881150
3706282491068280
5651361530252103
0072291019903193
5875396728829636
7228906971455111
8827120189677376
4240896741309427
7094193706249489
5051115183969507
1407333570398397
5133916834625567
9944681520075532
1457117569265038
8132409298368832
9553552120828724
0194007981724312
8508345690437396
1971570388738681
0808991927126468
2926571414651131
4393774880761973
0365200381215763
3485939623614913
1299070184304880
5613653432409380
5673024226638200
2069994676017059
6564425041995316
5388683684010000
4729369071070005
0339496971217162
4957418183504876
4436300782833384
1766977536282278
3604285557454730
1127076028303549
4937375978115944
4264522545656657
6075117940192781
5168319315634298
2939539313260872
0394606527784711
4262094663352985
3906104650421300
9780853423702349
7852430432457471
9255256233411019
7280590098448905
1771971577733548
3351266298174522
0537824080913130
5717675257150655
4414964356998749
8018824878841214
5478436254639925
6421182991125434
5892586921365513
7840903429496920
7773018491471788
4599267670150719
9843383701536758
1972345525054059
6618114310934575
7083070072533814
0899442226951715
2264339426864911
9236155068481691
7931982019068625
2677193880642405
9718361385144600
6620892688533211
7719432749295704
8227308100597217
4768784008798361
1145031222379895
3167101952781896
2931326982352100
8186505996839085
1377101375497344
1162362624079364
7491245049317833
2002185460196639
3876752605313288
6689195465522389
6686006511239188
7985065366684340
2698708704147306
0733908324235348
6072645598689719
1358484402799099
5567790309424113
2544946020114873
2428151792713626
3763809369943644
4007512293061299
8861113007032888
4582449920414851
4558270749970982
8869377938798660
0756373063566786
1991742176699922
9312885386651269
8862011328139639
2396184188116499
4411504880578074
2965930777269053
9421155244718142
1321582809712928
7181434816417777
0477617276709551
4838297393852726
3463162645180441
9403364226017898
4564679783610341
7801915818734316
0920058820470751
1354208872505523
4241393473173672
7824516128256935
6628177274865696
0953960024730969
7016915324466152
6665667611048925
4949133831525911
6119482284286728
9819532476888552
5707289165104926
4662677360417544
3236330244455194
5700316938245061
0624348825872858
0528303491410251
1389878856201800
8973702690350658
8879367891903864
5463585749303495
3947302863354812
3064136997342775
5160468353414800
1545375399295814
9426768516270085
4556968403215471
0965773984673376
2877462978948032
4068730858454022
1975793491470231
1216441676725839
6603422516062090
7046333198408985
3942924352722374
9998483893050793
0455778873749925
1071521284494576
0309531574319383
7033230017001241
7100696521377929
2892124032875911
8904957949852036
1699973266697060
0387311150154137
1159480346990821
0733727866956524
4995867883627482
7788895623440612
7578246905073618
2716101594216445
3377693208639907
4406897328837542
6874055640224407
4238829381165820
9019487528363359
2705297606283605
6497790579704211
9989703911201351
5785590497886670
3726715175711775
4373797404389169
6509732003277148
1211745530577271
4025302283674525
7842866667708331
7107393939694701
0826896800266810
4775600104554147
0422967504080267
5433644301553576
8119785638200345
4330639792072559
8767909842015132
1280385451780659
8930335778301812
4498594723433539
9734333607975413
7003467659704271
9882448569137338
2020663504934219
4254515632777734
7800589206457326
9031031416668495
7983004473672590
7497099992134986
1677000967927092
0974903520016451
1004217874825544
8332147920469110
3080181268936724
8347426074504871
0427339683767881
8150880476098677
2790158217446989
8287861610873629
6497616146466545
0805599101682606
4647792406891124
5784252102078504
9663765935778795
9076845865475039
2045571069257485
4507592951614239
7301494352809698
6714385683554087
3666520216687501
1232681552154379
9113632934022269
3080506260732271
5761956467234702
6569792178437619
7728389320504879
8438434758397818
3549681314418986
7516243030317280
5789550234984454
6489417071120295
7477058101351856
7787515012796496
9327083927146744
9795461154139260
5800602432918020
2451037932244619
3031724708203617
2607811863279622
0153108968139259
8480008508757318
6403786288807474
3006526142468362
5145388156069506
8566043600354286
4805585223096573
7244884203223326
0977189636155186
6547630839036017
6472166033420989
7361975407662731
3007129823835577
3189719051634665
9202172197777351
8659951246711020
2175106835600174
3399995941990393
4590604606790400
8570418647952512
9740537725465448
0415198949492913
0895802007121548
3239121044487167
2092610956805007
7220411418339421
2631783432021093
3834218481612647
3088783002373165
6617715727565959
4493063220359178
2528456367910899
9375085677737347
3173911113915364
7710971038558254
9554652433700829
7345837860360864
6947268789571591
8717980588591239
2735023305026660
2655188380550167
7738167015455111
7115223149093898
6292879655540619
4256279833398263
5198880627063850
4065178015615979
2263553634422386
1980385021266418
1608062196337851
7327075085295767
9092859070852767
1541276246771533
4968158277224575
5685898279302235
8578252701813423
9099413162597603
4576801028124503
7575445484262991
9535897335897207
4258292196145617
6643847967478272
0590875659369932
5092451102102943
3386249951714088
7120501499488345
7273935697798004
5138207824433367
1424410374681201
2536230116026272
9519574368895128
0932728498482206
5885477643638071
3256407849237662
6046331732343061
6732940162423405
6648080593915062
4525130993837931
5838785367664224
9986621531942283
5196604770480188
6599887542836981
3153931165773039
7323158600328509
2087212860072636
7031943120642028
3759761373942891
8228010543041248
6051379283864910
2934410218090137
5017639694729451
6110083818222190
1154029985295116
5740656339448561
8831381008404112
5894462070453777
5702360547263822
6576515023904018
1454767270220104
9542083518570573
3776663148814495
2700877854145907
4212280532558083
2373454332205980
5641304042011472
5387328100140459
8186885140646968
9405337414047265
3280707979820725
6717736083103462
8043417582597742
8849139109396688
8265110752153693
9215723742322836
3420417277915974
8080433282736534
4167884335743250
7340588479372346
5476341707623241
0091292234916055
6194277568885657
5540432863582207
9283052874821476
3538446759897499
6839832439709867
6135770670487445
6385688749919519
5038843270685960
4103236636522942
0675398539252938
3986122703645318
7836351019419472
9374460427113373
3786188659740332
6376386862172669
3652671184120969
0755283890960491
5943181803964988
4480639361832564
2633968496533807
0202627724737454
3263835431496782
4180291284433803
5748049583605835
3446602735778347
9673923147586714
8978430252253325
0482641180722186
6623534840976883
5744106277657588
8226520527104927
3641356939660511
0642418673482397
9063998902105812
5979862734558983
2782406377331906
8371650330571261
4061800207647478
7570834418239102
6234417208299902
4181689283597425
8253292050291316
5123336948991939
9528645605164487
6607279993080828
9953503354410892
4987439782337345
2703680841226650
7185025416007213
6628165246247243
5517592571565458
7927390127612277
4143857573220326
5121319676503034
9884980518986225
2241341614468800
5629281988891437
3370447627202382
1931804914096511
8040998023074358
1354171913325490
7279178012336732
8492332411207246
2304861163249517
7122552927617910
5104885990292761
8115820958390261
6150586582241018
4448499039119632
1784055728920385
8369464483722617
1122466737939620
1937258923837490
9143186843657940
9057558002104734
2876679640785111
9782517948999001
8810933110861108
5039536576835274
1702450858580199
6891930557384789
9256590614440939
9096024504515280
5820304582515435
1542888683453935
6942854634876338
8103051511528868
1309866346999577
8017993512298330
8550127168451003
2939218082007504
3725179069720464
7516385196117516
3232670958870185
8973281341868747
3155646870666658
8172124241767828
6656688574683574
5596725243630872
2721709345785473
5587716781980132
5096363132370000
4774447118127346
7331525938162003
3412064229607053
0308582852306954
2300280094545118
6588189278676621
6799776599317117
6840685961007897
3274735424220270
4224364363630813
4359400160165099
1034449975741992
4542068707177097
1300565867611690
2141932552644466
3160202625688560
1858039210980655
0613029292752945
3663856976613751
7260077963144576
5635145135387949
7240963502716211
1624206548318855
1968912102415212
2684900317624442
4974461002008809
8307874123800948
1566928219828056
1372738121180882
3545257559534992
8107200180236710
5489832361560996
1647228499542326
5972722112132617
1600286489835864
9719883814872582
7442411485710574
6926188473133379
3010818143250408
4210677630165565
5844577386156467
9314744999783676
2063185259758698
5313151680070633
0593390264742095
1508679345970114
2410552655833597
0625926234026025
4408095517346846
5869970809916591
2916731657247222
8728806963872778
7778828466828647
0447073555893530
9181245778205654
6836392358779448
3813286040288098
7856034546434135
0388501284300091
4524723055652545
5025257747246251
7540759423089612
7484089259365594
1116186565279512
1670419259749996
8572311134832725
2681735180356106
5737574588414921
3539811565590992
5722353488752184
3449955199210548
5900778605189135
7005173484637605
3968129915385876
7113805002813380
3151576713472624
5177980302323822
8802586857739509
5527843821495191
2011077236634286
4095993222888432
9118322656718483
3869863702767857
5992506414152580
8145524739608644
5647631868534064
3336749062812376
2235218288589782
7416066730700319
1936043014736292
9079608448928851
9514309218273598
3894622097517623
4914070355040398
6727861982577995
0424234103760462
5727931029137352
8637270011810347
3277004651684542
7385110672248802
1133782139823142
8716845051198548
4854211861185268
2759073114468670
2367817004407775
3986790532175292
9000821414382499
8040936966256967
1949183981749520
0145442433706142
3118777754475239
9761979912824585
7725527284717963
1169473420708631
7098980188917700
0411920276076528
8624031048576028
0036129846822289
2378577743839256
2907189124654066
4549171741917116
6880602655569729
2745694553486611
6808873155065448
6138444339310388
0464596762919932
5356047514671129
0792866470704558
8073303573679522
3135367849609938
3074561832181610
4287439310652411
7519034481265162
8055323136184595
6763327853452416
2513913538916954
3246683197718111
2818200603054621
5922400672416402
3823367099967701
8439829813078464
0234023827856266
1682966336184874
7622517973469222
1371573987063631
2942478614198351
9221903025439098
4589660577066054
8469011549621156
5393622641681701
0127721236383946
1184942167958634
5537230292280079
9387909464059380
2507333666306110
6800442072685268
9316330486641253
1770002848986491
5493283201428571
8343699060914150
0257540968113535
3562894103432242
0814789416173137
8934285310596557
7060786297081212
6721776523175881
1275935652105959
3071654720277304
5526383460332378
0805217613268162
5096845020647321
4206613998602417
3155842037128407
8448407032512419
2813393825587000
9068052682710941
7552724002703819
5432651695056904
5612560998826098
3585360338429711
2379457318731477
3928605188660824
0737849601203161
2616665500018369
7163717039353133
4134320556926918
5222182427171497
7798651726059215
1381066386437549
1465034446263064
5014593844380028
8137584653204071
9105340249319172
9073478192027867
0171051425848743
8146645521054551
0176020585396338
2228901515752720
9061294064223770
2456184661855977
0504077638559690
8870990485069821
4940811853835506
8686623063970617
2040156874891038
6737249218821383
2161718594781314
2551244866523249
8105962281566036
9737543228759171
8881750759405221
6756892429369226
9742090948110017
0105707010434668
8685032805425734
4059206802096874
0204977512052749
8240675789083296
8265560517418862
7068605948014565
5472512244993546
5204014695557380
4642912749433316
8532679856626407
6867928953443967
4820678026031281
9387995873589341
1013756650302841
2797288070744892
5246022943300066
5000638498655119
0705090269769228
0139109240245453
6812330304018227
5399268772894807
1933730859000512
9940811381309673
5281959774747797
5858373824027435
3108824986425884
8933884950667644
7996696632908127
4917843873626040
6905657959784086
0835665128954215
7714353975585252
5125149922713810
2745191020293395
2409980059036490
3405655129629711
6305099258051586
1666081420564041
4801504303151999
9086186204048260
0309392084163978
8246665424444562
9490312100572373
1159954352174167
4446947795854189
2305518769010186
1859358120408738
7736770914262333
7402292955251337
8402221071942314
2330509846581060
0980105036844028
2604911000898464
6633794003862829
5168723444368496
7262670454819823
6095662282501301
2270654658839508
3839431041722555
4946313851783901
1688457940211697
5057754364981781
2188736885721242
6016850820500623
6020480281363371
6608329267627163
6868213051236665
2129861978342183
9930315452844795
3059324458238110
7709505914296073
2033708685029423
0065844952697911
8674975085488799
6987777227549255
1891544672211735
1109525021631011
9929035189946817
8232639819367801
8971790217000928
8639778660295532
2850146297436793
5670120670428800
1962473391601725
6496587970042087
5658288179573297
4973019092516868
1396815209817592
0509371840001622
3052579386325495
6457381398342917
8375210112682781
7523068114278574
6758500529907429
1535625984886402
0289495208554953
8306355113101814
5934041373529906
0492208637289837
7748171642151206
6190254569597745
7448379486432052
0739400036858586
6366314107537617
0786369074656265
6022112355517660
5438699766220698
2608779267915272
0270661833822671
6142675059689994
6403427750833514
2030708742766455
3065826351666140
2640044420444521
0992736452764550
7764513879376973
3254736616560965
2669928747407450
8505634095383289
0436914030522535
0147181014156799
1007654000671281
9118075016908696
9488132180680912
0191832925366432
8867670539105403
6981544241598363
0959784070938964
0278798777870344
9527487721107297
2585330510002189
9906371509661305
2856693937783044
3878749665469459
7905667701769534
5729249229128871
4792955482152100
1543348404865052
1292986021348016
8571953244068598
2941361024141417
4011164128230924
8475304866655739
9410863737220242
3831408036637444
6590913930590292
2300347808458185
3045569204606196
3382450720179401
7794002724280806
9375246302317772
6545608526472877
3152041311943092
4353623807142918
0596306185527243
8176475254927157
4927309716651299
9191737269930161
6110419050119583
4073806576367509
9963880674159036
5664002634205926
2301228789810942
3159229557303396
5582910362793776
6562095215127779
2823197546147775
7564259060572565
3322914857605786
3471395432150092
1844654340759062
5039409992847018
7708921444546739
1333993232704056
8806800138164566
1342063302669283
5209157859297694
2118391660819227
5699739668358897
6855478178963979
2436767709775022
9512892707756969
0915687070195770
4068903193779093
4374918656241879
0473901040447812
8795823734042859
8493451075016458
5248883801255427
0790397989788798
0702628573023694
9561665589595461
4365891367994000
2568352505185915
9831782694813481
3551809247862378
0625817989520541
1105199990571124
0982550255078545
1608472474770322
9287377245887247
1335811104543146
5163774503070770
4667459802757846
1776095470421007
7964289151492195
7960921685798643
3831916103384790
1129247214452992
9872331461426316
4218586914073507
9801701758501750
4220711855480007
7101423608732888
6108351267696165
7435162514519377
3320248403326897
2068340476477363
1768702491959341
6764913735371709
9703745652815543
1085303131953152
7135890334800223
5968839321163534
2825364157697922
5506304240801811
3527341405447315
6549222399222061
7937525361167963
8029060415742712
4283175516490450
6533097100060916
9845322307114166
6281292981405515
5392432872592612
3237367085252728
0676558196082593
0247990329725342
0764209359451049
6485786832294884
8933193156094254
7824824785994078
1226621982374175
6995217299157396
7664790931310514
7775584432611868
6938887227461878
8601479989110069
2125056709432095
8225311897488790
3447982256778354
6167780482628027
6185333517392859
0271842903270328
6395896512776215
0033420815363929
5431353664068543
5149357364476181
6597237943759822
7043053823250811
9477024092198309
9015686271038383
2497397243924771
8512310786312942
9771195169911237
5991773287291413
8448978289225440
2195460398792443
2142265309634106
0422175949227059
1921642933020819
0029960374321970
0209004922034029
0567446304006032
2087099684752643
1801932562729311
6437957961133013
1370185871410493
6245571598254760
9408709557013563
8153908179932184
3740884971193945
2666577010721422
5133729913926567
4994576742744819
8441249529400604
3048153332110327
3436756337251449
4767432940301118
7899671473581003
8597473049054728
8344250043719538
7661373078999069
8559702581252966
0251927939615742
0208481199560436
6288735286919040
6195215666638965
6542625429665383
7458855507028987
5352202573169558
8936455642324908
9110200572507368
3768969679218438
3734933152414412
3133916929217420
8223546475724058
7258679373419746
1003438403363431
3645402152717474
8728185124922423
8408216349957378
0868969506721641
9591194886381671
8012781178161885
7404959088330237
5049379267975838
1631238943341152
4436012961948689
5823505442014380
6438759947793346
9514238750384946
1950124242747561
1913659158744148
1360965206220385
6712204853062196
3332143224735260
4225299693291986
6212140983414786
7654379342989644
8490251139841230
4711459995184399
4254166557545108
8254610220451251
5411189668632895
2284132076169078
9373170196787637
9315399347529162
1842905075999080
6471517217246368
5318150528572846
6784043421361562
4641892135484287
8341612542504580
4983349618185283
6927803856702261
9085019105914550
4826647905254039
8873722325616141
3407913881929615
3692003734666722
5404437676153162
2511998363000599
6085569185105786
0613707917803349
9230136802984841
6330279254229431
9961502533420669
3349586880746735
1581325340293507
8027605553403181
7752837354645381
9608563687857835
5109911884566474
1551379867003353
3734958898847058
9991192137633896
5670282331874057
7891884643619330
8341603979365998
8627099224335903
3066980203753064
2479535014033756
0612014399350447
7619144693654827
8760300182929573
8789624032213816
5127644612731344
6876843035376736
3891450897370567
7970114585457261
5545006407615789
7381485367840499
1717463482151255
2354092296689399
7935115170673681
3773354236475553
0044553371898324
8723847225411507
5712134838373036
2100652456671568
8821559850261716
5666709774218066
9408756365965584
7983558643856599
4756058389204564
6361473524695838
2578700144404800
3775617335462885
0645205412354469
8496203489725993
1886939214378140
6771368391025310
8732272690265023
5332016516191423
5068302552861597
7561708512534413
9001080678314168
3855053449114282
5986626995999424
9454329212153701
0816952548853040
5098951451070268
1090255590865526
6261203197736528
4494328303946478
0608444866355465
1486334927436240
5686148504443158
9520110809903265
5935860341751427
5727089712546469
2601839796878732
0305722196403558
1196352295956788
5715085520250456
4951179285879076
9214402096677694
8664169441117482
5175924818753829
6032409317072662
0520517205232499
9913679236745047
3408541310003576
5047924139977100
3761041649501034
0951395107623104
2623694283407305
3598537464598916
4402375533322977
4477543150852748
0346154558561168
3559760808157956
9185526292584026
2131161126440552
7049736226460820
5497377793349287
3265471567908195
7571944616774417
9037224811267705
7249500407405478
6470801142782000
9981280495277166
9156254620216391
2742831544064073
9525634422840271
0692083522907038
2916840235736147
2302505447006633
8639950603854048
4817822258198328
3718382357661831
0410429186457225
3954072189046165
8847961357506883
2341655229529160
7563247206294663
0643205535014525
5507170343259076
9265604274170933
8770571779191728
3580351414151805
9255856779100547
7731342639757477
8686019355597417
1453957198527855
5630482101913111
6484218588053121
7659758489387356
8258642980119870
1788932483645882
0017683968952439
5814689441373913
7854074141560121
9778200016779533
0785051938150248
5737213839553155
0048549261262609
6624843385034057
4334203159055767
0665252951411171
3515937597874456
7557971069321691
9303754283954464
5105526685615401
0458708740546057
6747136646016870
9302378498228113
9523516398079195
8339172136930546
0160318195238506
3078376864867526
7587002081665911
5926113161758766
5077178565701995
7341531211426066
8253066295947754
7792896128018286
2420574923794536
9114671113378697
6128817557694715
3991445695081462
8582796165061936
0865211214618618
8486215358933890
2254441871778798
4692086634018379
5203059783046361
7563987453189793
5058603540533124
5488045944954346
1463249528959656
1798594853959103
7563241826313933
0641905597849821
3858010328968944
3138586796040473
3819609190596006
7882528997192782
4060905545836377
2496419306394657
9646128822992835
7770824148667427
8117747568545202
7412174016769913
3426796078386126
2892762571167069
1872961522740682
5824376445029799
1580834270657323
8059432725797514
1170471698880208
1278885328502285
1042429619393526
9528610534584200
8433607360245647
9035736743125906
7540571280471559
9957040164697410
3456193961124925
5892788473113264
8579685527310200
0619195815296471
4286695631161068
1120109274579134
1756549458816577
1192071158151545
5101695721028346
5849401949057234
5778082050838528
5103882561355994
1867094359498568
0732134873966902
4358128584478380
6070280268935110
0211989117783560
2011381324859254
5852019883599693
6743760911756716
5549269896669107
5116682938541081
1819612551612136
9892552443762510
4215461340747792
8668020050326114
2537490017420916
3139727297057976
0090899748648437
7315070304603137
6574409043436708
5290506044605110
3826401854753554
8504489050993642
7574579937795901
8664708384378316
6225554673074879
3142871647774939
6468093522228177
2332604239081900
2692516810689919
7584415865388877
8596465020613445
9454572596499303
7408314572212776
7373640456805525
6671537492263094
0412260083540737
4842733764531027
9329363278429665
0354947255136468
7274295997961188
1657893561568985
1679486689581930
3671650166497515
9404294693649713
3269842674142738
4883317062917508
0187857348523672
7852151945196465
9524925469588983
6423577693155656
7055319552228541
9640543272532398
1608947907609178
9685485796085024
2408991231058279
6872916731299617
1350524299762443
3562032767127153
4780489355307755
8892860312621183
9479100489760149
1350890583236601
1062288233305087
1492578610570434
1379541222918147
5544305606838748
7981297368478991
2566285176244747
2161807925273410
4416308592967165
5911257275287120
2086878340484347
0368255897576096
9185383510955170
3279629888582317
0606526643964427
6720795678442120
8001209726245510
9639329922610388
8590544630950327
2667967709408311
7825577355355814
7918691843045991
7595333636841849
2968364807067338
4251298690385266
9025156952498494
9321225768028391
3352299366515964
0678071850781758
9271886969897702
9266781984642215
9764445070503572
6898718306724146
9043800166191561
1003184503012396
9476731236297538
0507204139787803
1192737490168244
7749222257907067
7760121950276636
4739920753105018
7314978347718720
3791986003544801
3095970241017527
8174411008021957
3301192467372459
5930249513804294
0004923271744434
9494349944960819
3881897681788109
1184566292052342
5156164089432435
9663902817625185
3804524008866585
0843273931185918
7924187202036614
5064863441344644
9671465461954562
0808013899532778
5117339495064254
8672890018200588
0034189381343924
2794753357251149
3536073293931659
7201928600704530
6293291442552572
9049500646143779
4385786922516848
8799647544989939
9054517540280709
1959399746284558
2799410181561909
9373853760102806
1123962153173475
3297254456569108
8704816502387557
5042677509706552
0067206681021272
3317479462307817
3516851554274990
6161143914254137
2742016472989791
5912363889457800
1329771683586073
0517437685169893
5182388906262950
9052705956321839
5285780811057236
7341938714365067
6616305768133913
7638674217020456
6444203522447403
6605525179580364
0880820345740922
9014387972577102
9327448059179976
4787521613038315
0882662120244601
2774550615719429
9698540158266610
8243001226255815
6339274042588050
9941594543555963
5924114866857244
5633849867865936
2673552821924828
2746170518759611
4009452150201421
6283607637882356
7582266062809991
6060355270823588
2245801371286766
3673850808739906
2790322814354811
6216803824187190
8713173968634129
6453017467664706
8797735093080763
5370405194554703
1055156892739409
6380599830437803
5150139546603006
2463926294940237
2229838559139950
7916021882928474
8756886156388456
0720794820325913
2086362176219605
9611774296021980
3038678963901173
7295388304888384
0730921999502884
2131664506458197
7917961086785048
9683672362121480
0157609658246739
2316094170751949
8256568098151002
9902619084565293
2295510206948339
9616664867188004
3952381013962420
8938338234755961
5118428198177879
9814085660417748
6237731596560480
4436860841275628
4745485245511735
7574811650429924
7642611453807260
6405339510883203
2483458145895884
1735583118262240
8409683891631053
4873285090929011
4276058366255199
3824281910310349
2938199219647514
0618509402775224
6863147508230737
1729817235900990
4681700210308237
8039571346820037
3626754379892089
8712438126090355
3577967628416027
0771300635766380
3188813809319468
3061713076071714
7268417031126615
3491836142954364
3745470149540939
9762674962145732
0797584043701357
8313295480738032
3513361005993699
6109442394375852
1410111662864630
2804492308015336
9657804781475201
6078967748876171
1987295209521433
9234342804994191
6465172583349458
6308654636489350
9628028081184238
6820830740393500
5482271721916788
2981371189400999
1781635598727043
4899481123174450
9831731686784483
7325972413244232
9854827501610868
7743112049924654
3688675516051889
7486689110603841
9405961078398915
1950508075947990
3054341790713070
1935730154101158
3890234334285222
9651749395067410
3074416863232933
7198839122729741
2025504618728026
7487791828616118
5237110292041340
7547090345773696
8297155290206349
1572297036325408
6362222729498688
1766844222104094
3586549643675535
9472797070089177
0225560551183999
2535855962529404
4660433855798183
0611934018423943
3543012935264915
9352017944659693
0362564363969147
7722538544959705
6509960442502778
3858914223581195
0987963106357860
9504461153751227
9809152954827311
0023950321397451
6688041530466410
1396998925448810
3295616000667012
1033658951252242
0359473031967049
9199772210973448
4579069806627883
5680946454145360
6837199478107491
1641673656667170
1772671211614750
5179048135412088
5516652570438885
8379814863258484
4149814906786366
5585354486451902
3548150538777632
1638923849126806
6928253758100662
0004657477950633
1350181357119160
4887562130702500
2363921444131672
9784191929558104
7929868663210908
4231160378291465
2603433458436438
0814947894209025
1735321710333087
4071467514868919
4997927772311378
8645283175493690
4542801151720873
7782253195806070
3458904726233428
7363881469488210
6395639916936805
0534971650552749
0618478401974603
3585264786800637
7894211226879077
2586766800790204
2264331242602494
0899990656525100
8233055882071695
8275950059052889
4230649535338454
2470152487280396
4451406034191031
7853908129934448
5047485742216555
4882075434910786
9163718529870752
1914328265956537
4292525365636154
5551042924769063
8375227365744890
3569157825787872
0533357429795905
4585253466628293
3159100435446896
3620553457348403
3787147041050694
4850204302944962
3962303942126121
2665634322956186
3081973335480303
5936291138113637
2847534177810751
8518548259609686
3497305821646721
7481641434906096
8921095341241328
4761034356311819
5707581316608650
6666040476009642
3021078142448985
6109846594507875
7910316260825763
2746759168721010
5324700292116152
4167887647318550
9183875102082026
8796791305341405
1078982414439134
0328823911897698
9020322641323049
4764428833100381
3885935652774884
3568607645909585
8153494618603970
4499267719558750
5872226213702232
7241596526013043
0510519968514907
0835408898076875
4312960482230664
0901539708259750
3869411334990282
4846771847569945
1057900407059425
8509640024284103
3232721185279491
3566348909616710
1888359548640986
3370953480222387
8242045446214833
0763708094190677
8348645460666798
3667598575343054
3810088438992371
3267305595558887
2328849810614673
0119459843172158
6676197027377549
8929218197089001
2696544764397266
1330939521944829
5016539340565765
9829102938377756
4305313620456233
2395537952539818
0138378882454566
0486445417640290
3456494998257229
6063859084730300
0221290226075451
5896951132632512
6019986023580234
5848666747964196
3004130380690632
8207954538307988
4975312254892403
2136677343472870
0663218453318204
0930830632147222
9416844941446325
3602262826352463
7062274179396656
2856120081290253
6050013705102457
6725384786901053
1955003761488344
6464993141431276
6143079905555041
4655224339571082
1650414096296319
6921083969355653
7264758788782605
5226357022961460
0239325360095146
3771093495005577
3539676071345227
9281522944369099
1545035937368744
4579698936425962
6580677601405775
6801014238742352
8104194413497845
9814042363730369
5237535627178353
3864606918989980
1605331961852725
4132087001362623
5561930908519759
6026679505108827
8238963826956128
0791082339645058
3636122087109794
8880074921989984
3338079022825695
0259711516659029
2058833066289093
6979931694367304
8247264269439154
2132614695901416
7444449891704854
4366744852850574
5139970233939681
1079435250033626
1335748426615308
7170500841639423
5784405197320526
9916986411712495
3300520149822502
7925856179663459
1107767923215438
0848753739177094
2660354136462141
9233921283764542
3810508990315581
4766920066799526
6429858355459201
2528611712409941
1895300906751714
1809881374621615
5516259765634765
3082597438365146
8459317672424729
8904451083627425
2299482974898214
5578918284508758
0130205470596637
4065267714747712
8919327601287308
8608259378915566
6109934867488775
4344790398205987
1370027458960260
8243382046974477
3502913245055077
0426390460269258
1748393426314227
6574555059806902
7944996933649086
4749634096638221
5969425230895407
9812880885367814
0855458644750836
8801080897723883
1805694855931202
6501458783677760
4380012729471796
0287319108203303
8631946314520264
3780423622116254
2542913266521798
4545130167501174
3506920291365537
0925740348589354
5594069169157757
3452650546639419
1857033024402274
7752212981363912
3209420745548986
2087228956469914
4539063690990247
5459705151588106
5878855163604767
7155678774492000
5707957381561914
8154171198308578
7583595383127682
6200553304840204
2063303363258969
2112694590578407
3554106124561773
0302090618069167
3532058764024942
0575667160905102
0238924165142850
8274122800491884
5667161118152617
3531342149752867
7953197985531154
5289973921789746
7527207958979360
4173269414899195
7989392149441477
6260937850813585
0413070608488067
2002228440264598
9576641024418122
7670878068781009
0636798749013144
9745413680917763
7987212907837941
5632722847264046
3929583037339642
1016320998962875
2889346603900365
4757007266777881
1623983294183975
4835820645258101
4498671549721757
0807895364156921
9284144427264959
2755480908047791
8286209184527011
7157616811264324
6799014309725419
9286795171322846
6783064368837751
4987216474124557
9812351745583847
4872713551384969
5142426481528206
1320281388219996
7703594344797645
6314025964600648
1233156130663707
6101462103157416
4890516395721831
9922706294578800
4390865555343440
2075091409733505
5302782276891697
1811716812760920
7987631644764691
1675302486214397
5415426502606671
6381229903897164
7287031996968391
2230639531724463
3381049256541106
0945022153163542
3410710553298468
0675508974486915
2102993403919035
5208486347093366
7809380690711656
5041035987649708
4431962575345525
5790238611041834
6266708108766748
0725750287341168
1476493446818784
9984188455472378
8249061910928115
1596401343987246
4706140805254262
7811009170361239
9041514924498589
8850071573733513
4653514398045610
9959808218883879
5984234498421100
0774787368316223
2903416522364971
9167164607859564
2027151219358701
3614416302948755
1823987980737747
3308336910966465
7913059681999862
6257794694839685
8787637274769944
7651683680159601
4817691053221537
8539939787669526
7901378448381401
1647318644299561
6713072836977893
2783679274184244
2370643501645082
2185904879371466
3512648574555468
9022429185170882
4043924606392112
3383299470190507
9929132527197884
8535446070593443
6017285848848713
4775923423505257
6238219709706103
8200282913635713
3649322809075237
7541323048519138
5780536667755396
9598512164868745
4732077027196795
9361011194519866
2336287299613364
3016172133493089
1093873740273051
6005889298633841
0618605154638494
7838024850861158
7263318849588556
0890644114636875
2614744406607555
8187572698319879
0821953182719251
6189339614488552
8210260553342144
2115771151798096
4728106898297335
0432825836089426
8895536429609181
0433687542526294
5138426222420186
0231873732919661
3241905846920207
3963889261418165
3776345573864268
6133090623197897
5255054247692798
5635352837026339
8497812227637741
0545785084290513
9522367779985724
7327712805101952
5684058125095235
2638472390122470
1740478426977844
8288733951324759
3039185774717330
6483505259148356
0504456375208670
9146559931407210
9460464215877849
8877955719958534
7181472061444803
0594317540884620
9425949567040716
4752632781155101
7740592064640884
0250625483575345
9747718970743175
5685434166341583
8788632680037006
1503283535579534
6558782387284931
3224415356655580
2997448735629942
0118224405460667
8605438226392855
6572852379381594
1621284100545324
9030707448549156
0272640518459010
1816257172190217
9544990981706522
8681912295151907
9382598329890180
7734628421136741
7187043278444951
7367251417314346
9549195212952852
3076133800663619
8109533360196619
2999127173845463
5523350812734008
4912847441632780
1967904095420961
9336512360205780
0880243208789454
8409100702185968
5234437367053668
9625562877284120
3128835556092119
6078460594205572
4438747643373395
0100195996020169
1171543912207012
1355483895230525
6764908679902300
7606661570181468
9808053066757132
3418538910386427
4038914959688015
8075726836651130
8755682183778618
0277415539607307
5534849384599536
0776980035751855
0190128964748843
0957896448117207
1907915547207861
7304491503357135
1388111488949476
5632172841629745
9782385817332156
8069710057502479
5788713244924150
6642989140464526
8231929995456002
8428410835702358
4691045388698504
1802499826593334
0829483268865302
4049473460911945
0263456536361820
4923576932176873
3640379319601363
8224498867270799
7604215391054627
4849994635754652
6960470053037905
2586808724072131
5162297431633790
9046069221784194
1916486402947867
5451127583047484
7108614018201290
9021723203921809
0198429449537597
6221953730638193
8073141296773246
4926118547072736
9432065525541054
6136084692276376
3010246075881689
2598816440086436
2079402733857229
4886266055782104
0572649289828640
8768601943511313
8570113061156347
6270103344297514
5986784435727980
0641258278314799
2154028088891512
4411093454577686
1646871409805700
9373787646962027
6481163312421475
1215347141684681
2458645639404965
2353731975740976
0858496742334845
2952593772868537
9537457072464902
7422167106177474
1054486706893333
9439858291700830
0497560630462156
7943108749679220
8691255594471749
2343809930436011
2674861251163318
7576748068658968
1527011976590326
1085631337892211
8661158871949759
5147723432630786
8058597226308063
0933095081175012
1777617814611210
2768799008412205
0237957008631144
6840524602748457
3751287338655685
5455601415853420
9274817658247444
6034625575894077
2376380229261807
4066413997908572
2267710105940770
3802018064427795
9262661934864680
6922551354591164
1643671937739361
8758283696346416
2835610496598824
4844380942902865
4588973096462209
8552819482890160
9944813895414801
2648418637492156
8808884844055224
7624478277547970
2470145375007441
2479899457642563
3699965077755163
0691141675196929
5804627494380130
0448732949873631
5643900933084303
1467998893115728
1602277501575415
6619388543048777
2881327424473359
0796700383761856
4515441248383510
2566960557953714
9612404360795583
6116511456577500
5654879697444080
5694972079639390
1230787582936458
3923997065773174
1311612572712450
5243041140408569
4573611419840935
5440627437026794
9880175880477851
6692605216100628
2002314936671237
4249094513528309
4002759504735487
7979212992364682
0505123426174183
9777000174090232
9993549523664329
9407718849634806
0476017687294560
3081993628696990
3847639263484797
5787834301134358
3803784346165394
8828875564145245
5926614370728576
7451819690732578
3024560417685258
8858800699425352
1393227099374469
0956965042711324
2752050095055713
5743408042753244
6029111646602279
7026272780442852
4402316627213672
1496845209341819
1286979058398351
4589576265840182
6091643712340626
1067399121895452
7262933283576740
9715919793525325
4329506543421390
8251036338971024
9255434835123749
0319425297974158
8275401688702343
1649741077906139
0585938559465147
8933335840517872
9408665052901005
4072803412132476
5372943772583670
1477390958277483
0646280144981793
8838215858149851
9656990228494629
4064857294813986
4759006674013596
8587525595571228
2569899437213303
8175059045027748
8471037627740903
3494603328574046
4907195645708113
7174336881334549
9012667997804219
0239752189917951
5272465600720220
3348615812243880
9511610526352732
5888969497931011
3435445286863278
0329197428428225
8245022629363967
3585259598740974
1620819894884512
0041020568775520
8149650593877042
7243757837987821
3140418292917605
8302799021512210
5512659010248787
4102666350497478
2094357185449029
8594637607405428
7034087210537720
8646138560231908
9797494669583165
7186497849886649
0743793296062293
6290090639004596
0052401755813519
9164471794674935
9268347207438461
3160691112817642
8632504024617088
8534116125597467
9534059814497242
8593613898337021
3376750892363066
4752130494155871
4328862635118427
7733457474814013
8613213743222996
2240473693664819
9252887821611226
7255819542670612
1774654203813780
7435776391011024
7734716272173098
2317284338521807
2264959269079954
1863589790139155
6486192420682817
6847063606394701
8091325418384084
4834729128086419
4429828978351592
1993353452161637
8426984413248108
3275252597631249
8135232309980269
5043529802979821
5242718140293648
9418967460521170
8562677684241404
2212648941159028
8515265257310064
5940821687658780
7999751854162355
8403647988159673
8427649163529950
8133561470052522
3312886428329809
8319326553139808
8361717016612632
1527682279868520
0151285357488920
3208175361373924
5165158555291785
6028428212680670
1589000434383051
7734668499447578
2483185411923070
6589062304969432
4415912100389601
5986826931551383
0900226519393513
5019865359558359
9350992609794419
9984003963306826
9490725972865670
6381755382123529
7904769201845860
3964371281672065
2115893286364349
3678219206988791
5052083746041344
6119671014416126
9828693113292175
9904863693302949
5670826978849599
6706700583500988
3736990040561892
8609825406277730
5074480373229985
6746729845836847
6547895943001454
9965118356689860
2395614442725255
8125009165007422
1263168595959203
9464473185586596
8897457733516560
5763590592946918
4843025202227098
4104096171600845
9151390986448153
2019308149950531
5268265898312612
7373363206564892
0502504979310236
7804720022724209
8991651738080247
7467574585513397
0837379287129794
8492347905340293
8761482881522916
5511040461102482
4768305989343564
9114125597206149
1457306693982991
3977508091552551
5199223373148812
8259839362903281
8660058048761423
4222381114451307
0581995805825838
6293444890871058
9666596733604675
1290427033107137
9554142049617388
6296664642422599
3618928357885535
5804582372968711
0578051710573403
3011641878605040
3517990416969519
9135874740234258
6071317439862025
5414990304715776
8167313163411799
4172369047278624
6461195671708122
3126832317253330
6550959666011238
5993832413749292
5902984001238553
8695520812750828
7204930940034076
4740156130095122
2811799682690860
3919969920731350
8696855248289840
2381192998577858
2657881579905943
0213450385240546
6088560261476889
6388455734228621
8676883646497204
9846549859258950
9672452727204430
4683692076330621
8129835402101044
9419783526731494
2959399879607887
0113770075520231
9669955733350604
2410092083336272
3238796617380094
7204315503878159
6627177252735332
0994187406222820
7703344458057759
1915553446927436
1769192603163985
6420196030530241
1140467350071168
2704277390841473
5537645024764855
6546130407918031
9222226371192929
5172425240191386
9675081451925907
5766852803520322
7716968611856757
0951090463905443
3516104862708382
9036774611793986
2070243803474583
6817610257792272
1304634956986356
3028122899914392
7196156201725367
1946509801000450
4075727326925108
6214289236131303
8940880962977856
6127404264103466
3751826539989078
4921932550244295
5960478723085693
5922933119556718
9562213378846769
5143352856295345
7617205350746681
4881062407464026
8794613375951983
0894459276304182
9873120386254239
1819969410137713
3339176232763386
5434529517415117
2687932024943414
9011606474221997
2216779120155602
6405260697966314
0574333309366837
0466443465021289
5801024266432265
5873501544862121
8501893261263297
4561814544149415
4670585523085617
4032413277446483
9859154979447005
5123023776386296
0520465837714954
7999725101052805
4705450652848752
5905038634421725
9741185590842490
1810292003452931
3362264138327486
0158036614584571
2218903041309914
9910639848117178
8903549898975006
8231452052035761
9259106556123242
3041726727660959
3380632710108888
6821974709618583
9511220028923806
9485366471180109
7225759728395382
6447371680399029
3234555183136504
5157393173050104
7602596349127054
2560496153427299
5432887699457540
6653325962006463
4660306671671575
2767178161293127
7941154223198901
3938588690473816
2825133116316989
1045681574037243
8267735570131241
4415942513049380
3836561236677162
6579798139952341
7157159051361731
7330288730144585
6506744224041777
2607893423583912
7220634546294640
3179808724747993
7185372980306847
9177825353868183
6665155835167558
6364117476478718
9062191157466610
2401031591125949
0018992452321910
2395829088259037
9193777929003611
0447033489897257
8711247458807989
9642170499819995
8867708267053410
3519732742853340
6381845842896121
8239776856549739
3530667509688770
9512055876805245
2936532510261157
0186857706444299
7155568250048145
3978520138720555
6712056969717022
6421742596841278
5866881378328643
0194631586754988
2129539281358398
6127629091185137
4804205224697296
3131518471129590
7977489515345196
6376230832558468
0319287015319197
5177324451229879
1858272036657626
6418366977320716
2179010532675075
9036575156362411
2900995280822495
5586232900300939
8115160528911145
0868641613829716
0920572653737862
5320781796971939
7061747933713446
9335253053250984
2148910222765744
1723722364556016
7147623689731561
0854403148709775
7101545385569249
3628820404874943
2576247757923028
0964619379855440
0157177135951013
6420461345651715
0966379581858995
9464426252438168
1709124995546389
0287848411905739
0947193347312157
7027005675544329
9576923320530006
3677072293273147
0941443578569780
0775593522993297
2466077615273972
6622034231367623
4678267078253179
5233903835373558
6507814758333798
6009854924555046
8237309027062014
0612112281360342
6353015321611058
1604588310531133
4394413983541820
9213556008468472
0369556599429604
2995437997000967
5474049197041676
7649391782228457
6592343865729395
3119933864520484
5882842888759363
0563661629304425
4296715470716759
8055585859691419
4898201916360294
8154680248919577
6874557142960895
8539725380344782
5631049543029993
7829435808451741
6914402826291062
9058690473723423
2815443534074464
1439472527834751
8355859619672329
1612969183171944
9515868229218114
1728145468467999
8158732509142272
0962895520743039
3883590920517833
5561111957141119
5064699090017963
7611486702526557
8648832739706331
3876261602871474
3043938993637001
0114396476914548
4086393631403899
2089597137079340
7632867790178003
5599396027783335
9755074017170793
4996091053878759
1602653870311562
5808118510418914
0301969796002253
8049000852873871
2879707811631626
3722484930445197
8481385071338984
7992589011048146
8275483858862408
2447479850817105
5571527465158124
1541223007968886
7372566937770902
3446495537237491
8780172445545967
4604158801743638
1372644511398549
6004612278397270
5278749226444741
6009323021564287
0254085595142341
5808479722023755
2035754554780009
3314759970388496
6116132707419686
4751699166195344
6001686006338661
2102470407726802
3318707277023349
5968043766728580
0740456649727715
2858608341497072
8471869055654497
2278938806399796
8225119267165636
1592443578418038
6932170700672349
2034428391439802
5481998000769057
7195833831322050
2820223401561172
2324487187978154
0665035067388144
4416935405600300
9110967421921927
6491727551230471
1472798853821902
7821954899047629
8522089151904453
3850969644550013
0479416774019401
7573440788991853
3299729962071578
4039841663043863
1467664612924239
8981093674184215
0923886564574568
9008186664173955
6723085917601942
5859282913464169
7917461069763204
0033743659222185
2562340052376012
0926820987046988
1689198421096127
0583058299891937
2319382787465258
7166279400544764
2401311988343812
3142116071365323
5987587517670834
2172710817636278
2929899812598313
7502225344402729
2642156714590604
0954824992144106
2396235759654466
2550466423628629
7623097319729313
0692743873687385
7395879552721664
6475585105456744
9609912655173252
5972522149974965
0602062190347329
1820406648964972
8372363591179624
5743396874581053
1832844359494770
5455038273780955
0084554486502562
4746532211504105
6449348266899431
7055176526520557
3394868607994712
1753923061211296
1747568551264254
8933361259561564
4312483155514255
1958956061179986
8141224513975606
4478766390160865
5401789813032087
8753209755915381
5041048659000127
4366732261389204
9225532686125475
1216644357418833
4546620118003936
5369978028432392
6490673312585650
4301531823989684
6785398840978747
4034826865768689
0396057711360224
2126687770271963
6302611515385123
8452678355444067
8556052856793278
7098949002144654
9470552671926304
6143686606122269
3478842054984497
3050882318949006
1117606028406532
9840246719284048
8364970814095329
6647155856678648
8493249341254372
9899088720488499
1623033647698028
7617091280907670
5712381962457273
8891045064075199
4101655062938301
3497215871361607
2297203444364327
4609263183087012
0564643325267326
0783179484317105
5417685194006635
4451133433147641
3085175517473196
9135079089324008
4635257704817054
5008222023801977
9053593895999276
9572701361201130
8812998972164222
0952130145931304
3278528112652257
3499704308301708
1369273685630276
2326964857375089
5609489233382242
8251270609012225
6261005932566359
4348768274838297
5584662342646500
8422233899118714
8728860289915922
7259164526317967
0273416390435225
9491872514888143
8132595498104759
1368002066043197
4630038671114897
3822566085261354
3854498137493248
5205676344593195
6064014965252121
4540795632226935
8006172334113593
8201805132981288
9521949677900552
0750048720229101
8678564148136140
5853197146724583
4331810812909942
8807940650929492
7971139957298760
4949211583333548
9808514796479539
0572461479663493
9858189664859918
4999437112211186
1642575921779245
9573924260693571
0471595469074043
9325979084800204
0925584743106743
7183643963574044
5085046065890176
3368404126695911
2925436755759308
3686540032948642
3098770687816213
6740286066154410
9322843008905265
2541553433398672
5806476476274947
7757562071320086
6294505765908268
0524387231525638
0450255381559550
6595175997456989
1548788734980219
4355139849741531
5304593788129950
8918639286213239
1897410114807269
1074372911061770
0292808701672231
7222063849735570
6434758592103771
7383039987082609
3959532303018324
3124956990830922
7474445800716834
2384915943197683
3790925273077368
6859163721198187
7536790303553172
4675987454835364
1623525611051521
5713468691984238
7107955008495284
7846212059366799
3229457850858581
9617648836292663
5055727404635243
8595649779399114
5790541670952158
7322728409384122
2875324341770782
1145199922457791
6095801852303147
6813148558566741
3753808391376478
2458326202205195
3708368867452889
5811479385170258
6551622738384590
1845236241293068
7475083040381574
9241992645160356
7813920073738394
3405428972303042
5890524829425382
2248567464602970
1435414547926102
6223294904658578
0942554454570321
0246627334162343
4620683047125316
6170219996850906
1404759638253577
8336705133403404
0384455492228279
0071198026371230
4086846335875092
6159042833362242
2222738235813129
1139285934032473
9248842407541042
7623751650258443
3844965971290638
9815692736104311
0728801046272432
2320502547077538
2032979328162000
5241011640369563
3005228142189797
0296723198831816
8957379372810063
0686593563132119
9143368724662889
3075753552167640
1327686935533816
7059231123141829
2996863322076939
5291164781345233
9928758732344366
2777238078519684
4038653479176687
6526337310731511
5868066085019444
7771563532675615
8655408362636682
3215656538918242
5291582040864156
3492325924890338
9640006031037348
2287005710639329
8708409108364822
3191425896154552
0850609521779159
1101747760784249
7426539303814005
3639683273462361
9351871763654533
6179016690639117
6859235888404415
7099552648443143
4651130852101924
1760819469047929
8588362716481924
6637449134450426
3124118595692286
1877841264550754
0685947440843291
4259592524354308
1824470158154822
7271555229443404
9830131024810576
7273276940567054
8512590719523540
6177045546956476
2619212275317172
6923553808016055
9140261729054617
4054738146503695
0931700082694753
7495729402863374
7757984300428347
8710490356999657
5777378401339570
6445492335035108
7513273791082090
3409388796171608
0780417870726951
9142253802157221
1365069692823435
0268414770907216
1752740726405873
0614350233628814
8195743233435647
9678554788147566
4672766298301524
4852986852697885
8898319491890063
5760185568410598
0060120644445370
5464297116879647
9400218205896772
3783221192461173
7468001180773462
4830845230549223
4074004628758766
8409575009099582
7097392227205579
2132619904602832
2134397589741043
0502286797632911
9188259720814972
9391830500474290
6373169065369486
6004164272065803
4787268954488040
4272527637495748
8037054732461325
7644756660823271
6315186407922891
8554444599739699
9064405930835578
3232545663322376
0887238451552545
5798832173995196
3081112950297594
2355198543101450
3037537412243787
8054342158614782
5984303662039912
3276653731957888
0060989785573065
7503865274831337
2403301930094419
1065317162866080
1917359676356798
2626033210573145
4102309176261051
5722721476354670
8347530273011693
4956083758788367
6775292376712192
0983001931487766
4846026270176674
1447725547448767
3446369684550232
2862541276328123
7835812928614071
5177909419017721
3128499030641448
9811240477584684
0233665338105542
3382900147208081
3396205737621572
9730234823420258
5731128385940440
9505032904934917
1051763855783856
7630576321955496
0363088869461060
3429770707790925
9699186251670702
1794172789044090
5756521626319170
7449821021440644
4737844042411333
7883429175112921
5156505701108169
0301446708793558
4235517419258448
1050516524103988
3883513684172599
2613183219332680
5940298418332552
2154389287992210
0982471590291072
4695081445531168
1732185280928288
4429316167266869
4583055858384679
2551610411171836
1132803048214294
9583759917108842
0706941781603769
8257626188265820
0907883161698484
6124019896265890
9385103078887175
8052058732175748
9574793532076058
4677982814487298
7548654461265795
1213140801402647
1049137829843207
6415718085214143
4324408341381188
9642746607427163
6299225421318693
0222348482922077
2903750902988624
2018317447324228
8726052383378563
4706540695818245
3124956313466586
0114608950477525
6345380739703345
9736005568092116
1096663028868942
9102960381550474
7568648387585192
0532140383104989
4190300140322728
9424112600856426
3341287910165035
0616673725766329
0162244851289477
8244440518798972
9439210358405759
2248591013863307
0746428641961163
7078667432523349
9579012777524342
4458537924179600
7420544439193388
2648132192179863
2685881081126266
4780578564931728
3762576391986383
9114006776434389
3930289115658143
6323551517347442
7803469699401969
0553096006639259
5176390429456548
1849437854243808
5698208558551065
3517825410178813
4540090727696342
6883487078033005
8741555716252336
5184066802578105
4497651649653210
2947072315356543
2215905569987646
1074754350195870
8745326804306646
3965062448855580
5727667279534190
2151263512584100
7180588820841828
3707451019100958
9785041985123251
3100004456264467
0959425632265455
3650975021682224
8083956814758899
1682210041460939
3941333920095061
4994942901309005
2440330779081954
8204541236474529
0534385574959094
6191228707569580
9738018830277553
1766558858445284
5557106844328206
4618458977187100
0951335757481723
1562819768158586
8592482779792157
1071530618471268
1100746608830996
9730254995780615
4905057855832861
9511304823031284
6603480808884218
5959485578597640
2621111326126440
6176864060999636
4517763344714967
9347760158370905
3508096260678286
4727436517205894
4831386727923397
5398541685822725
5097120969885379
2493049947306479
0673001612414612
7796068759338194
7838089940725642
4984859173592703
5298061910591710
3505301292906591
3573087642345531
5488987920242750
2233181081815735
4652695720103701
4969484654273225
0107474250870898
7452392057623454
3708985718656687
2344744435088763
2779461697536185
5858046785537069
1170276374555216
9401938646002189
3311923741926368
5991995630527653
6181892645004033
7903060862965463
7312223977002681
5640945056555463
1982881524126665
2545470341657690
3461626096681374
9496853078201277
1379417550389891
9756414550075565
1305347413778843
6648436358410196
9964386845761903
9380674942905578
9258665274716590
6217296674061205
3783457265210946
9078207930978711
8938691250105531
7211312864602492
1422230545644239
6073701470193039
6724041720833092
0884997743394234
0059287433958436
9293245069875867
6869244095687952
0989858329459508
3702464561293523
9427594798592909
1260224604290354
8595245291065003
9276729087180415
4784693208456330
7990397233201223
0523104569378276
7572028702882169
5410201062168341
4709958581193166
6266547523604644
5726498090157951
9158158231779109
9795783658971468
0276583403489241
1611197174483443
1124111134306190
4753020984250324
2103216112004670
8651276483668080
5502111775606712
9449921130470441
0149726906206800
4950766674329529
1198843146263387
3269424921125406
4390073683610512
3402723372930090
3816726683009577
3747106487460025
1188799440810495
9860968235125158
3698586914848674
9031045464982359
7893562075157658
2730012969211616
3923697331385475
1903318761761241
3431795837830476
1721981607189967
6002223847173090
2920848355110000
5646717030559668
8682731651565597
5687541848261232
7069953370349465
0764162939581973
1603069013244489
9070622477803629
4741334327686233
1694092671948217
0781721524175361
6266619466834133
1118391491224309
2063932952182790
3771504266695007
7574664467082178
2574306056841630
8108799877914998
5198880627063850
4065178015615979
1608062196337851
9092859070852767
5685898279302235
8578252701813423
4004535403450755
4576801028124503
9535897335897207
4258292196145617
3386249951714088
5138207824433367
2536230116026272
6732940162423405
5838785367664224
6599887542836981
3153931165773039
7323158600328509
8228010543041248
5740656339448561
6576515023904018
1454767270220104
3852560888851492
8186885140646968
5474659190408835
6283229356803322
3574904782555981
1265146759356028
3852028491893471
1302773092597063
9997871422362850
4764799865914384
3281946964172299
3755429557895237
4103236636522942
6376386862172669
3652671184120969
3512689932467320
5943181803964988
0202627724737454
5748049583605835
0482641180722186
6623534840976883
8226520527104927
0642418673482397
3254198738703536
6156546664055944
5290499042057589
0755288210417310
9311310817226781
8371650330571261
8253292050291316
5123336948991939
9528645605164487
7185025416007213
5517592571565458
6813932799267174
4143857573220326
2241341614468800
5629281988891437
8040998023074358
1069616863844738
7279178012336732
7122552927617910
8115820958390261
6150586582241018
1937258923837490
0998058195570736
6328420212181284
5522815415073059
4840064726256521
2311094074614215
5651326902924392
0616474769970457
6710912012052033
0360951033804105
2253520712024445
0914904378670435
3183895586263436
8012010064147260
8815335155942227
2826347258666997
1249884771676480
5365980970949716
7835619149066999
6891930557384789
9096024504515280
5820304582515435
8017993512298330
2939218082007504
8172124241767828
0659731944736389
0308582852306954
1994819710029365
2300280094545118
6588189278676621
6799776599317117
0591289638820618
7260077963144576
7261628151334430
0479854777557016
9376359238443176
0612647538080082
1936547342978725
9655356620549397
6055773616660341
3927458584410491
3256062140638510
2339829142310760
9327173329561099
7478810804464054
4947891787244417
2107707592550055
3764150553908789
2223344027322671
6311786387582869
6778809047429890
6418711808050575
1595902438130772
0047688541180439
9819360443875331
8131572207239842
2224575369930012
6788947863048158
0397923948069690
4068637625072604
7798723200936623
3820775754333816
8383471282004653
3066270632900420
9715974030451423
2714174059462444
1974188821438356
8596568228676820
1896514405880465
1436485623951645
0925768769790678
1298025007119630
9768700219492749
8844630785096947
8873706094524180
4260784595507233
8215754365980649
3200067308515123
1358392670632041
3706846291114747
9493448593690786
9114244640715077
9430138689219946
3535108882809239
2975070149037006
0162127360089625
5926533145006742
0897291971174045
2553754490715388
7574288881643267
1590479219133437
1107194715234856
6637126351943749
4793063003202322
9123636079585259
8870556978317000
3336925010648086
8168929338682063
1961059262254729
7281089484989218
1629689723349571
3891753417538363
1447975141452855
4755251182720144
7093805706043097
9190489322583975
2054623171764493
5901511067144019
5073249089832251
9474818254124304
3901317157203491
9213789315416977
3935651748470976
3611261597113820
0921086392370345
3777970267731343
1479407050883691
2715394222171167
8149571973918042
3783212871067960
2855174035334778
4704465400011358
5633927174928633
9176719594431835
8399407321735975
6441173133501487
5989233042856714
4358851779211294
1491944187053310
9357035017384643
2156210312944585
5504382837656473
0889836672240029
8741661858103617
4348885757947045
0046249640629512
4284333955006772
5016812257747289
2083043351544868
6115070918587521
5350749822007916
2883440351895167
9854238458577270
5680941524872085
8251926321102019
7664631236694308
2708482886921195
4959615851286654
5199440376465740
8536113635924828
1856394278836668
4299603915739210
4825661121544683
5562746387565465
5464067545038775
1447746283394507
4600661822879971
0548722142838024
9770265249902187
2931918179902382
5165558919305750
4245215108740331
4988311066895705
2407428447632913
6297361141719296
5056497474649400
7156122904898662
9842550682161250
0757480117222839
9727122203219263
0107650999179311
2934510984503951
3264480044529380
6545543173378090
8454553859685834
8033606057154785
1670738049534162
6085150808596076
5031174509881639
3419234892094976
7924943904858752
3952402859396993
9974823066634212
7794111440646268
8344194525615133
9092459603648586
4954699765655343
0351531509597193
0201361251312074
6021377505029665
6058485365158976
4360873591646028
9121907190104646
4286534266111799
5035304315421620
3939532654744480
2640929291808415
9021644568209077
7758192020816194
3340258557255619
8100923258337993
5681181471077426
1123390691453566
8528926739379835
7511492642565571
2325286514501589
3738754607800422
4396034814949684
7617623719171750
2135880931401089
6692968437800167
7415854824349046
5363803718078948
6843594697945779
4142456089656080
1188086132826132
2534049526509532
6697012971744731
3246970344543284
5598000938584486
1345069009459056
5720830441720067
2859135226816622
1697547325096457
8818553412132557
5894529481339325
2545518618024469
5517850224634709
7185324846597616
2985163605469859
4027745540748351
7966825011414341
7135205469875532
2989187744798836
7251618193690338
4907455690392249
6882672148403531
4048332757094949
8292119356665674
0449061925754213
5484881117429853
5641165392004404
9791486511562981
6280001726178765
7538556085505819
7811492311173264
9804707674172774
3572598256848635
6153118698054571
7082465592838517
7303367659577264
9801061258149563
1456763984547504
3427885672312583
4979293133856180
1059580907386382
3211921907360668
7599253575479186
7231331062174024
0992559318175235
3983527783636073
9182997345456363
3830422995776137
8174173696509765
5773989861369461
8032947427576549
8795198390972971
0053554769698449
6186135872782431
7084680316104510
4628431262205595
8274665115727809
5333709865535244
2537089193030608
3975562330805190
3290027572731981
9415574482132654
6829111589524333
1273134370963830
2427825596072142
6638198140980807
8375441896375273
7663463280386141
0395823528382046
2416217745367478
3647856861002877
4429914145998438
1590971576309420
4991058118655491
9084292828513038
5658293228855712
4574679474660607
3630980140600543
3276992457275464
4926594438458702
5104380991908142
1261276321930821
9895759592826453
9356882101653526
3166371422900794
8541586871435816
5168545718455899
6138452105535705
3801865783333828
0408226658529368
2993790524055307
8352484392271532
3053794724319601
8841367325340262
6937785704125194
9221494854759414
0575590472541198
6446649203260844
1705430650855494
5170756020561542
4410624593278229
7230106202961229
1141660061525473
9709258164498165
8002400150496526
8755810383117085
0695726111315933
1455327138239823
0382304490753424
1101949023118413
3698999001620631
2761396544058606
0786281388331891
4631598241372861
2004036741276220
7277684979819031
7435457545190771
3448342105966223